3264 4536
1 870
2 327
2 598
2 670
2 795
2 2207
2 2887
3 18
3 712
3 1560
3 2039
3 2090
3 2907
3 2929
4 452
4 930
5 627
5 774
6 443
6 446
6 642
6 687
6 858
6 931
6 2303
7 2090
7 2508
7 2686
7 3075
8 15
8 599
8 679
8 715
8 716
8 771
8 799
8 870
8 897
8 898
9 561
9 905
10 1196
11 184
11 201
11 354
11 554
11 720
11 735
12 172
12 1642
12 2188
12 2201
12 2217
12 2277
12 2298
12 2532
12 3059
12 3258
13 39
14 749
15 715
16 170
16 3019
17 1912
18 712
18 1542
18 1552
18 1560
18 2039
18 2907
18 2929
19 2495
19 2521
20 848
21 840
21 1200
22 599
22 830
23 1345
23 2089
23 2511
24 1170
25 601
25 863
25 1559
26 202
26 528
26 782
27 502
27 802
27 1192
27 1340
27 1550
28 360
28 2677
29 367
29 1191
30 1548
31 327
31 598
31 670
31 795
31 2207
31 2887
32 98
32 500
32 840
32 959
32 1284
32 1686
32 2246
32 2318
32 2346
32 2366
32 2625
32 2919
33 1975
34 170
34 677
34 750
34 755
34 798
34 812
34 888
34 899
34 932
34 1196
34 3259
35 3072
36 196
36 199
36 848
36 892
36 1352
36 1474
36 2039
36 2134
36 2209
36 2508
36 2959
36 3087
37 184
37 201
37 354
37 554
37 720
37 735
38 870
39 837
40 44
40 172
40 1642
40 2188
40 2201
40 2217
40 2277
40 2298
40 2448
40 2532
40 3059
40 3258
41 735
42 795
43 444
43 887
44 172
44 2217
45 2032
45 2670
46 1874
46 2577
47 2579
48 1600
49 1269
49 2092
50 3006
51 79
52 1377
53 3154
54 61
54 68
55 2532
56 71
56 73
56 1377
56 1595
56 2409
57 245
57 455
57 2553
57 2645
57 2744
58 130
58 3173
59 383
59 2175
60 145
61 2390
61 2623
62 1487
62 2412
63 1268
64 1816
64 1850
64 2575
64 2827
65 1207
65 2044
66 2634
67 2631
69 166
69 2564
69 2724
69 2952
70 724
70 2564
70 2952
71 1382
71 2309
71 2891
72 1645
73 313
73 1381
73 1461
73 1488
73 1672
73 2138
73 2774
73 3235
74 294
75 297
75 2295
76 2754
76 2951
77 993
77 994
77 2572
78 1908
78 2533
79 228
79 373
79 995
80 2579
81 1219
81 2230
81 2906
82 1590
83 2336
84 1707
85 1471
86 1242
86 1529
87 111
88 100
88 268
88 1055
89 2678
90 3199
91 1083
92 1712
93 1744
93 2875
94 1010
94 2080
95 2476
96 518
96 1059
96 2639
97 123
97 279
97 2770
98 127
98 1030
98 1454
98 2366
99 1454
99 2366
100 268
100 1055
101 1117
102 1023
102 1031
102 1038
102 1039
102 1069
102 1750
102 1955
103 126
103 499
103 500
103 887
103 2366
104 113
105 257
105 974
105 3171
106 2017
106 2271
106 2786
107 499
107 2924
108 2472
109 113
110 1841
112 379
112 1838
114 1400
115 1420
116 1079
117 427
117 3207
118 544
119 1092
120 544
121 2193
121 2486
122 3001
123 279
123 2500
124 1067
125 589
125 2686
127 494
127 2366
128 3183
129 1421
130 1693
130 1710
131 765
132 369
132 485
132 647
132 678
132 682
132 1342
133 586
133 1171
133 1204
133 2201
133 2683
133 2684
133 2685
133 2798
133 3072
133 3132
134 1565
135 1918
135 2092
135 2508
136 765
137 564
137 809
137 881
137 990
137 1306
137 2155
138 795
138 813
139 1473
140 754
140 871
140 1193
140 1791
140 2222
141 365
141 446
141 675
141 790
141 800
142 2199
143 390
143 981
143 1658
143 2064
143 2530
143 3246
144 378
144 1487
144 2439
145 1219
146 2227
147 2707
148 2391
148 2892
149 947
149 1378
150 1543
150 2376
151 335
151 1214
151 1643
151 1766
151 2537
151 2554
151 3153
152 459
153 207
153 239
153 2072
153 2389
153 2950
153 3011
153 3149
154 565
154 568
154 956
154 979
155 463
155 2418
156 2406
156 2761
156 3005
157 1653
158 2322
158 2909
159 1045
160 2941
161 2090
161 2885
162 1879
163 2839
164 288
164 2948
164 3244
165 2028
166 1234
166 1514
166 2952
167 433
167 2293
168 1100
168 1101
168 1119
168 1246
168 1747
168 2860
169 2279
169 2613
170 369
170 485
170 630
170 714
170 753
170 772
170 812
170 907
170 1473
171 555
172 494
172 2498
173 555
174 276
174 1789
174 1978
174 2657
175 179
175 1872
175 2091
175 2092
175 2994
176 1476
177 1358
177 2955
178 919
179 180
179 692
179 704
179 730
179 731
179 839
179 840
179 847
179 867
179 1284
179 1855
179 1915
179 1918
179 2619
180 692
181 196
181 199
181 363
181 484
181 491
181 892
181 1128
181 1200
181 1289
181 1343
181 1349
181 1352
181 1449
181 1547
181 1563
181 1573
181 1973
181 2039
181 2059
181 2127
181 2134
181 2209
181 2304
181 2362
181 2502
181 2507
181 2912
181 2956
181 2959
181 3015
181 3053
181 3087
181 3167
181 3222
182 2883
182 3221
183 720
184 554
184 720
184 821
185 362
185 502
185 722
185 723
185 1201
186 362
186 724
186 790
187 870
188 1978
188 1984
188 2907
188 2993
189 2798
190 290
190 291
190 371
190 975
190 992
190 1786
190 1789
190 1790
190 1793
190 2134
190 2218
190 2360
190 2494
190 2517
190 2630
190 2641
190 2657
190 2708
190 3066
190 3087
190 3098
191 1921
192 720
193 1919
193 1974
194 322
194 2782
195 824
195 2958
196 199
196 848
196 1343
196 2041
196 2127
196 2686
196 2907
196 2979
197 2520
198 625
198 735
198 837
199 848
199 892
199 1343
199 2039
199 2127
199 2907
199 2979
200 687
200 877
200 1029
202 591
202 1907
203 795
203 927
203 929
203 3009
204 226
204 458
204 1142
204 1368
204 1668
204 1928
205 464
205 1479
205 1485
205 1674
205 2010
205 2237
205 2260
205 2406
205 2562
206 247
207 2950
208 2668
209 243
209 1388
209 2072
209 2074
209 2075
209 2158
209 2241
209 2695
209 2697
209 3011
210 953
210 1269
210 2092
210 2962
211 1958
212 2378
212 2716
213 1960
213 3227
214 505
214 1451
215 1624
216 992
216 1216
217 1585
217 1801
218 2229
218 2951
219 1483
219 1597
219 2716
219 2969
220 1662
220 2570
220 3254
221 1662
222 1662
222 2570
222 3254
223 337
223 957
223 996
223 2715
223 2829
223 2931
223 3109
224 1173
224 1179
224 1559
224 1639
224 2422
225 334
225 934
225 1603
225 1625
225 2077
225 2442
226 232
226 458
226 2348
227 3185
227 3190
229 294
230 2314
231 1893
231 3212
232 458
232 1142
232 1368
232 1668
232 1928
233 248
234 1371
235 580
235 581
235 582
235 1391
235 1669
235 3240
236 2159
237 1601
238 375
238 1168
238 2559
239 2950
240 1874
241 1605
241 2932
242 960
243 2716
244 298
244 398
244 1930
244 2251
244 2846
245 455
245 1675
246 510
246 513
246 2373
247 297
247 2395
247 2801
248 334
249 2948
249 3020
249 3243
249 3244
250 573
250 574
251 2617
252 1691
252 1752
253 1716
254 2306
254 2468
255 264
255 265
256 2275
258 1097
259 1084
260 2588
261 2493
262 1003
263 314
263 315
264 265
265 1050
265 1051
265 1052
266 2051
267 2490
268 1055
269 1418
270 2530
270 3093
271 1149
271 2859
271 3139
272 1404
273 3024
274 2062
275 439
275 1431
275 1453
275 1864
275 2036
276 1332
276 3159
277 2717
278 2281
279 1745
279 2144
279 2145
279 2770
279 2840
280 1416
280 2120
281 1723
282 344
283 2445
283 2491
283 2619
284 1001
284 2724
285 2193
285 2486
286 2589
286 3166
287 2030
287 2070
288 2948
288 3244
289 1351
289 2307
289 2630
289 2715
289 3036
289 3060
289 3062
289 3063
289 3064
289 3065
289 3102
289 3222
290 2362
291 371
291 1298
291 1351
291 1948
291 1949
291 2307
291 2630
291 2715
291 3036
291 3060
291 3062
291 3063
291 3064
291 3065
291 3102
291 3222
292 1326
293 334
293 3181
294 1950
294 2551
295 2664
296 2986
298 398
298 2414
298 2416
298 2846
299 462
300 1667
300 2320
300 2622
301 1721
301 2981
302 2027
303 2284
304 305
305 2787
306 308
306 689
306 1499
306 1567
306 1969
306 2040
306 2835
307 870
307 2773
308 684
308 711
308 1345
308 1499
308 2089
308 2835
309 1367
310 505
310 2046
311 1650
312 532
312 973
312 2946
313 1461
313 1672
313 3235
316 2100
317 1089
318 1817
319 588
319 692
320 321
322 330
322 649
322 702
322 869
323 838
323 933
324 331
324 562
324 826
324 932
325 3241
326 1464
327 328
327 483
327 632
327 880
327 1907
328 329
329 632
330 702
331 562
331 823
331 826
331 907
332 365
332 858
332 2181
332 2358
333 838
333 933
334 350
334 567
334 1588
334 2574
334 2953
335 1214
335 1766
336 1766
337 1628
337 2980
338 1437
338 1816
338 1850
338 1992
338 2195
339 2748
339 2891
340 1399
340 1891
340 1893
341 1705
342 1347
342 2597
343 1720
344 1965
344 2271
344 2595
344 2786
345 1111
345 2591
345 2617
346 2587
347 348
347 602
347 870
348 869
348 873
349 550
349 1434
349 2567
350 389
350 2578
351 1443
351 1758
351 2985
352 2567
353 2849
355 2365
356 491
356 1359
356 1510
356 1512
356 1513
356 1542
356 1552
356 1642
356 2619
356 2703
357 1869
358 2683
358 2684
358 2685
359 810
359 2686
361 604
361 2737
362 722
362 724
362 1201
362 2578
363 1510
363 1547
363 1976
363 2306
363 2686
363 2907
364 451
364 2994
365 649
366 1570
367 899
367 1199
368 2153
368 2862
369 2904
370 656
370 762
371 2041
371 2070
371 2218
371 2517
371 2630
371 2708
371 3036
371 3060
371 3062
371 3063
371 3064
371 3066
371 3102
372 1557
372 1572
372 3098
374 1381
374 1458
374 2138
375 1934
375 3121
375 3123
376 490
376 2093
376 2417
377 1310
377 1574
378 2983
379 1359
380 2524
380 2547
381 952
382 1373
383 1373
384 3048
385 1305
386 2688
387 1583
387 1994
387 3209
388 2548
388 2872
388 2873
388 2900
389 1680
389 1685
389 2367
389 2371
389 2531
391 2841
391 2842
392 580
392 581
392 2496
392 3180
393 462
393 967
394 1138
394 1143
394 1360
395 1930
396 454
396 1186
396 1541
396 1577
396 2096
397 1501
397 2561
398 1812
398 1930
398 2846
399 1800
399 2881
399 3091
399 3217
400 490
400 1198
400 1220
400 1226
400 1359
400 2093
400 2573
401 1856
401 1859
402 3187
402 3251
403 3152
404 438
404 1150
404 2586
405 436
405 1498
406 410
406 1535
407 2612
408 413
408 1261
409 2751
409 3013
410 3187
410 3251
411 1744
412 2266
413 1261
414 1413
415 1532
416 1836
417 2020
418 2196
418 2329
418 2816
419 1001
419 2850
420 2111
421 2341
422 1719
423 2674
424 589
424 1080
425 2277
426 2601
426 2610
427 3207
428 3123
429 550
429 1328
429 1330
430 2614
431 2276
432 2016
434 569
434 2035
435 1830
435 3123
436 1498
437 1516
438 703
439 1717
440 1432
441 2274
442 1783
443 446
443 447
443 609
443 669
443 858
443 890
445 2359
446 447
446 639
446 643
446 661
446 707
446 1196
446 2303
446 2364
447 610
447 642
447 687
447 858
447 931
447 2303
447 2954
448 687
448 2354
449 1561
450 1975
450 3222
451 1266
451 1267
451 2865
451 2868
453 483
453 768
454 1577
454 1587
454 2096
455 1724
456 1065
456 1310
456 2092
456 2754
457 2006
457 2430
459 2176
460 1609
460 1611
460 1698
461 1206
461 1210
461 1630
462 966
462 967
463 1254
463 1487
463 2421
463 2644
465 2571
465 2705
466 1506
467 1698
468 2583
469 1063
469 1348
469 2600
470 1348
470 1861
470 1979
470 2454
471 515
472 1504
472 2330
473 2608
474 2596
475 1169
475 2994
476 1233
477 1062
478 1936
479 480
479 481
479 482
479 502
479 778
479 2769
480 482
480 496
480 498
480 502
480 802
481 482
481 496
481 498
481 502
481 802
481 2769
482 498
482 802
482 2769
483 616
483 686
483 770
483 908
483 913
484 1580
484 2039
484 2507
484 2907
484 3075
486 1132
487 510
487 2725
488 1559
488 2061
489 2332
490 1207
490 1562
490 1630
490 1664
490 1675
490 2092
490 2230
490 2417
491 558
491 2907
492 1198
492 1207
492 1220
492 1574
492 1630
492 1664
492 1869
492 1975
492 2091
492 2092
492 2930
492 2962
493 684
493 711
493 1558
493 1560
493 2818
494 1283
494 1284
494 2091
494 2129
494 2201
494 2366
494 2498
495 548
495 732
496 502
496 662
496 825
496 1339
497 1193
497 1467
497 2222
498 502
498 503
498 631
498 802
498 1514
499 1200
499 1220
499 2438
499 3230
500 558
500 811
500 1574
500 1927
500 2000
500 2088
500 2438
500 2972
500 3222
501 747
501 813
502 776
502 802
502 2347
502 2730
503 802
503 1192
504 1383
504 1528
504 1884
504 2528
504 2560
505 1451
506 1212
506 1384
506 2154
506 3103
507 1609
507 1611
508 2096
509 1465
509 1466
509 1467
509 1468
509 1469
509 1470
509 2548
509 3011
509 3178
510 513
510 1599
510 2388
510 2725
510 2951
511 2188
511 2804
512 2546
512 3082
513 2634
513 2775
514 954
516 1047
516 1109
517 2957
517 3012
519 1413
520 1321
521 1080
522 1073
523 2957
523 3012
524 1413
524 1688
524 1695
524 2733
524 3245
525 2793
526 1022
527 1845
527 3178
528 611
528 686
528 933
529 532
529 549
529 973
529 983
529 1764
529 2946
530 973
530 1764
530 2946
531 1678
531 2836
532 534
533 2199
535 1308
535 1399
536 1224
537 1230
538 1103
538 2217
538 2448
539 547
540 2130
541 1048
542 1008
543 1240
544 1046
545 546
545 722
545 724
547 723
547 1080
548 732
548 814
548 875
548 893
548 956
549 949
549 962
551 956
551 1099
552 1282
552 2144
552 2145
553 555
553 556
554 720
554 798
554 2301
555 790
555 800
555 806
555 828
555 899
555 919
555 924
555 1122
556 890
556 919
556 1191
557 1357
557 2348
558 623
558 1127
558 1352
558 1509
558 2088
558 2090
558 2092
558 2093
559 3241
560 784
560 786
560 790
561 716
561 909
562 823
562 870
562 903
563 1472
563 1477
563 1478
564 613
564 685
564 703
564 739
564 753
564 791
564 881
564 894
564 1517
564 1518
564 2302
564 2843
565 1219
565 2240
566 2577
568 979
570 576
571 2704
572 577
575 1032
575 1092
575 1109
575 1320
578 579
580 582
580 2156
580 2380
580 2524
580 3180
581 582
581 2156
581 2380
581 2524
581 3180
582 2434
582 2524
582 3180
583 1160
584 1165
585 2767
586 735
587 921
588 692
590 1765
591 611
591 686
591 1907
592 1907
593 1487
593 2309
594 596
595 2286
597 912
598 603
598 1199
599 645
599 682
599 916
599 3002
600 716
600 905
601 861
601 1199
601 1907
602 870
603 1199
605 682
606 747
606 795
606 854
606 3226
607 795
608 933
608 1907
609 644
609 653
609 727
609 740
609 784
609 788
609 801
609 870
609 872
610 2132
611 1907
612 870
613 791
613 809
614 824
614 2958
615 870
617 924
617 2659
618 790
618 800
618 829
619 657
619 902
620 807
621 870
622 828
622 924
623 772
623 840
623 1523
623 1855
623 2088
623 2168
623 2619
623 2783
623 2835
623 3100
624 763
624 764
624 844
625 735
625 837
626 762
627 636
627 641
627 3259
628 699
628 871
629 771
633 726
634 714
634 852
635 795
635 854
635 856
635 880
636 774
637 699
637 1363
638 795
638 851
638 854
639 700
640 743
640 870
641 774
642 931
643 738
643 745
644 669
645 766
645 770
645 916
646 777
646 830
646 874
646 920
648 878
649 690
649 756
649 869
649 1346
650 748
650 857
651 726
651 749
652 1772
652 2708
652 2907
652 3063
652 3066
652 3102
653 669
654 870
655 870
655 914
656 760
656 854
658 781
659 833
659 834
659 835
660 796
660 888
662 670
662 802
663 706
663 793
664 800
665 799
665 877
666 2307
667 790
667 924
668 788
669 727
669 740
669 784
669 788
670 746
670 795
670 1570
671 715
671 771
671 783
671 799
671 846
671 897
672 726
672 790
672 800
673 858
673 870
673 919
674 820
674 932
675 898
675 2363
676 717
677 2925
679 799
680 735
681 2659
683 821
683 855
684 1545
684 1567
684 1851
684 1969
684 2903
684 2913
686 795
686 812
686 1907
687 771
687 858
688 790
689 735
689 1567
689 1969
689 2961
690 3178
691 870
692 2575
693 696
694 696
694 795
694 802
694 873
695 696
695 795
695 802
697 726
697 785
698 844
698 3221
699 751
699 752
699 753
700 800
701 718
701 831
703 1371
703 2085
704 1043
705 876
706 817
707 1348
707 2600
708 1907
709 1907
710 798
710 2359
711 1545
711 1567
711 1851
711 1969
711 2903
711 2961
712 1030
712 1560
712 2059
712 2088
712 2475
712 2929
712 2942
713 809
713 907
714 779
714 780
714 810
714 1202
715 771
715 897
716 733
716 797
717 769
717 808
718 769
718 771
718 792
718 831
718 900
718 917
718 1121
718 2181
719 748
719 870
719 1883
719 2737
721 906
722 723
722 724
722 1201
724 952
724 1201
725 870
725 2757
726 727
726 767
726 785
726 918
727 790
728 858
729 852
729 858
729 2303
730 731
731 1915
732 893
733 748
734 870
735 915
735 1172
736 852
737 857
738 858
738 1464
741 870
742 743
744 890
744 919
744 1195
745 777
748 819
748 868
748 870
748 902
748 1883
749 870
749 871
753 1350
753 2756
753 2758
754 871
754 1193
754 1194
754 1791
755 854
755 870
756 870
757 870
758 870
759 870
760 761
760 852
762 870
762 1464
763 764
763 844
764 924
765 841
765 918
767 800
767 1195
768 2492
768 2564
769 830
769 844
770 870
773 850
774 3259
775 776
775 870
776 870
776 2213
778 802
779 1870
779 2500
779 2522
779 2770
780 1970
781 872
782 908
784 786
784 787
785 921
786 787
786 788
787 788
789 1194
789 1346
789 1791
790 829
790 919
790 920
790 925
790 928
790 932
790 1195
793 795
793 817
793 1342
794 924
795 802
795 849
795 850
795 854
795 867
795 880
795 1199
795 1339
795 1346
796 888
798 895
798 924
799 877
799 897
800 801
800 820
800 829
800 883
800 919
800 920
800 924
800 932
800 1122
801 924
801 3133
802 807
802 822
802 825
802 864
802 865
802 883
802 891
802 1192
802 1797
802 2757
803 883
804 839
804 1284
804 2129
804 2151
804 2152
804 2346
805 806
807 1943
808 1087
809 881
809 990
809 1306
810 2367
810 3019
811 840
811 1284
811 2318
811 2346
811 2366
811 2919
814 956
815 829
815 870
815 899
816 883
818 834
819 820
820 843
820 2203
821 838
821 854
821 856
821 870
821 1473
823 870
823 932
824 875
825 2347
825 2730
827 870
827 932
828 919
829 919
829 924
830 853
830 882
830 1780
830 2309
830 2342
830 2351
830 2359
830 2983
832 833
835 870
836 870
837 848
837 2926
837 2929
837 3141
839 2151
839 2152
839 2318
839 2366
840 847
840 996
840 1284
840 2829
840 2915
840 2919
840 2931
841 870
841 876
842 854
844 870
844 899
844 3133
845 1907
848 1352
848 1978
848 2127
849 851
849 854
850 851
850 854
852 858
852 889
852 1280
854 856
854 870
854 871
854 880
854 2712
856 870
856 871
856 880
857 931
858 1464
858 2349
858 2354
858 2358
858 2364
859 916
860 863
860 885
860 1199
862 1907
863 913
863 1907
864 866
865 866
868 870
869 871
869 873
870 914
870 920
870 922
870 923
870 929
870 2213
870 2501
870 2757
871 920
871 922
871 923
871 1346
875 973
875 1004
875 1024
875 1057
875 1099
875 1570
875 1966
876 878
878 879
878 2946
881 1306
882 1019
882 1102
883 901
883 1576
884 919
885 933
886 2621
887 1972
891 1797
892 1343
892 2127
892 2979
894 2302
896 902
897 2709
898 916
899 919
899 924
899 928
900 901
900 1091
902 1883
902 2737
904 924
904 2659
906 2352
906 2359
908 1907
910 2308
911 924
912 1101
913 1907
917 1121
919 920
920 924
920 927
921 1346
924 928
924 3133
926 927
929 2958
929 3009
933 1907
935 961
936 2398
937 2576
938 2033
939 2373
939 2441
940 2398
941 1963
942 2259
943 1213
943 1609
943 1611
944 1672
944 2564
944 2949
945 1686
945 2246
945 2625
946 983
947 2091
947 2092
947 2394
948 1216
948 1218
948 2964
950 1270
951 2951
952 986
953 1269
953 3192
954 958
954 989
955 2567
956 1057
956 1966
957 1260
958 989
959 1686
959 2246
959 2625
961 977
962 1004
963 2381
964 1485
965 1371
968 2567
969 1257
969 2529
969 2986
970 1820
971 3126
972 1510
972 1512
972 1608
972 1740
972 2337
972 3215
974 2138
974 2796
975 2686
975 2915
975 2919
976 2854
978 1371
980 1437
980 1816
981 2639
981 3246
982 3005
983 984
984 1099
985 2086
987 1219
988 1672
988 2564
988 2949
990 1306
991 1863
991 2086
996 2829
997 1238
998 1054
999 2989
1000 1092
1000 1109
1000 1320
1002 1098
1004 2113
1005 1689
1006 1094
1007 1104
1007 1118
1008 1099
1009 3038
1011 1012
1011 1068
1013 1071
1014 1117
1015 1231
1015 1237
1016 2083
1017 2110
1018 1082
1019 1102
1020 1062
1021 1847
1022 1117
1022 1568
1022 1696
1023 1031
1023 1069
1023 1750
1024 1057
1024 1966
1025 1847
1026 1104
1026 1105
1026 1118
1027 1058
1028 1085
1028 1086
1028 1087
1029 1075
1029 1076
1031 1069
1032 1110
1033 2817
1034 2446
1035 1078
1035 1108
1035 2291
1036 3200
1037 2464
1037 2911
1038 1040
1038 1091
1039 1091
1040 1091
1041 1090
1042 2288
1042 2489
1043 1147
1044 1120
1047 2766
1048 1049
1050 1051
1050 1053
1051 1052
1052 1053
1056 2850
1057 1966
1059 1117
1060 3224
1061 1093
1062 2363
1063 1348
1064 1115
1065 1406
1065 2754
1066 2593
1067 2724
1070 1422
1071 1072
1072 1966
1074 2168
1074 2173
1077 1970
1077 2770
1077 2839
1080 1117
1081 1106
1081 3032
1082 1847
1085 1086
1085 1088
1086 1087
1087 1088
1090 1239
1090 1757
1090 1765
1090 2611
1092 1320
1094 2468
1095 1096
1099 2113
1100 1747
1100 2860
1101 1231
1104 1105
1104 1118
1105 1118
1107 3050
1107 3204
1112 2591
1113 2591
1113 2617
1114 1116
1114 1847
1120 2309
1123 1229
1124 2469
1125 1126
1125 1693
1125 2397
1126 1128
1126 1542
1126 1552
1126 2907
1127 1542
1127 1552
1127 1563
1127 2041
1127 2208
1127 2657
1128 1551
1128 2907
1129 1437
1129 3250
1130 1306
1130 2204
1131 1134
1131 1140
1131 2372
1133 1140
1134 2369
1134 2401
1134 2432
1135 2760
1136 1144
1137 1756
1137 2407
1137 2523
1137 2899
1139 2432
1140 1141
1140 1145
1141 2035
1143 2971
1146 1148
1148 2035
1151 1314
1151 1427
1152 2453
1153 2679
1154 1771
1154 2641
1155 2798
1156 1159
1156 2434
1157 1219
1157 1487
1158 3082
1160 3020
1161 1166
1162 1167
1162 2331
1163 1708
1164 1167
1164 1682
1164 2331
1167 2331
1169 1411
1169 1416
1169 2092
1170 2907
1172 2907
1173 1559
1173 1639
1173 2683
1173 2684
1173 2685
1174 1181
1175 1806
1175 2435
1176 1177
1176 1585
1176 1801
1176 2805
1176 3116
1177 1221
1177 1305
1177 1396
1177 1643
1177 1766
1177 2061
1177 2076
1177 2104
1177 2233
1177 2317
1177 2392
1177 2435
1177 2534
1177 2537
1177 2550
1177 2554
1177 2555
1177 2579
1177 2654
1177 3153
1178 1636
1178 2622
1179 1181
1179 1559
1179 1636
1179 1639
1179 2908
1180 2789
1182 1183
1184 1577
1184 1627
1184 2211
1185 2255
1186 1577
1186 1627
1186 1661
1187 1189
1187 1577
1187 2211
1187 2255
1188 1219
1188 1489
1189 2255
1190 1327
1190 1570
1193 1469
1193 1791
1193 3178
1197 1315
1197 1920
1198 1207
1198 1630
1198 1654
1198 1675
1198 1786
1198 2201
1198 2754
1198 2906
1199 1356
1200 1556
1200 1557
1200 1563
1200 1572
1200 1972
1200 1981
1200 2088
1200 2220
1200 2366
1200 2516
1200 2686
1200 2907
1202 3161
1203 2038
1203 2868
1204 1574
1204 2754
1205 2932
1206 1210
1207 2044
1207 2093
1207 2754
1208 2764
1209 1371
1210 1223
1210 1630
1210 2092
1210 2137
1211 1371
1212 2568
1213 2405
1214 1643
1214 1766
1214 2076
1214 2317
1214 2537
1214 2554
1214 2555
1214 3134
1214 3153
1215 1305
1215 1585
1215 1589
1215 1801
1215 2805
1216 1297
1217 2541
1219 1489
1219 1826
1219 1828
1219 1996
1219 2045
1219 2098
1219 2199
1219 2385
1219 2433
1219 2582
1219 2838
1220 1253
1220 1617
1220 1634
1220 1664
1220 1675
1220 2093
1220 3230
1222 1588
1223 2059
1225 3114
1226 1253
1227 3190
1228 3258
1232 3001
1234 2952
1235 1498
1236 1248
1238 2607
1238 2886
1241 1315
1243 2269
1244 1899
1244 3236
1245 1276
1246 1690
1247 1414
1249 1345
1249 2089
1250 1299
1250 1818
1250 1824
1250 2176
1250 2192
1250 2436
1250 2624
1250 2891
1251 2746
1252 1299
1252 1818
1252 1824
1252 2176
1252 2192
1252 2436
1252 2624
1252 2891
1254 1487
1255 1808
1256 3148
1256 3210
1257 2529
1257 2986
1257 2992
1258 3037
1259 1810
1259 1818
1259 2192
1259 2667
1259 2891
1259 3210
1260 2719
1262 1700
1263 3119
1264 1273
1264 2366
1264 2736
1265 2068
1266 1267
1266 1268
1266 1270
1266 2128
1267 1268
1267 1270
1267 1284
1267 2128
1267 2346
1267 3008
1267 3178
1268 1312
1268 2841
1268 2842
1269 2962
1270 1271
1270 2128
1272 1416
1273 2800
1274 1681
1275 1835
1275 3178
1276 1278
1276 1279
1277 1278
1280 2598
1281 2907
1283 1574
1283 1927
1283 2000
1283 2093
1283 2258
1283 2366
1283 2498
1283 2499
1283 2972
1284 1442
1284 2366
1284 2619
1284 3191
1284 3194
1284 3222
1284 3239
1285 2106
1286 2865
1287 1291
1287 1562
1287 2201
1288 2187
1289 1580
1289 2039
1289 2507
1289 2907
1289 3075
1290 3072
1291 1562
1291 1564
1291 1577
1291 2201
1292 1465
1292 1466
1292 1467
1292 1468
1292 1469
1292 1470
1292 1787
1293 2806
1293 2810
1294 1949
1295 1436
1295 1481
1295 1488
1295 1818
1295 2624
1296 2129
1298 1670
1298 1675
1298 1947
1298 1948
1298 2393
1298 2552
1298 2645
1298 2692
1298 2742
1300 2382
1301 1593
1301 1623
1301 1952
1302 1502
1303 3190
1304 1862
1305 1801
1306 1885
1306 2060
1306 2162
1306 3249
1307 2808
1308 1456
1309 2804
1309 2968
1310 2972
1311 2986
1313 1859
1313 1941
1313 1942
1314 1427
1314 1761
1316 2602
1317 2919
1318 2140
1319 1792
1319 2062
1320 2451
1322 2019
1323 1490
1324 1325
1324 1832
1327 1763
1327 2350
1328 1330
1328 1334
1328 1335
1328 2503
1328 2887
1329 1524
1329 2353
1329 2411
1331 1333
1331 1334
1334 1335
1336 1980
1337 1840
1338 1554
1340 1550
1341 2041
1341 2907
1342 2496
1343 2039
1343 2059
1343 2197
1343 2930
1344 2039
1344 2149
1344 2852
1344 3205
1345 1509
1345 1545
1345 1567
1345 1969
1345 2092
1345 2221
1345 2310
1345 2511
1345 3076
1347 1348
1347 2955
1348 1831
1348 1861
1348 2600
1348 2872
1348 2955
1348 3046
1349 1872
1349 2039
1349 2852
1349 2911
1350 2756
1350 2758
1350 2759
1351 1558
1351 1788
1351 2187
1351 3099
1351 3160
1351 3222
1352 1872
1352 1969
1352 2039
1352 2041
1352 2127
1352 2134
1352 2507
1352 2649
1352 2686
1352 2740
1352 2853
1352 2907
1352 2960
1352 2979
1353 1358
1354 1871
1355 2509
1355 2825
1355 2843
1356 1979
1358 1473
1358 1787
1358 2210
1358 2865
1358 3191
1359 1607
1359 1976
1359 2569
1359 3013
1361 1660
1361 1988
1361 2254
1361 2732
1362 3208
1363 2316
1364 2496
1364 3240
1365 1775
1366 1648
1368 2803
1369 2810
1370 1616
1370 1888
1372 1397
1372 2851
1373 2643
1373 2870
1374 1394
1374 1776
1375 1645
1376 1823
1376 2194
1376 2370
1376 2419
1377 1481
1377 1488
1377 2624
1378 1602
1379 1767
1379 2764
1380 2764
1381 1460
1383 1528
1383 3010
1385 1932
1385 2723
1386 2828
1387 2370
1387 3083
1389 1435
1389 2396
1390 1640
1390 1890
1390 2429
1392 2372
1392 3190
1393 2386
1393 2415
1394 1776
1394 1827
1394 1893
1394 3212
1395 1958
1397 2368
1397 2716
1398 1489
1401 1414
1401 1739
1402 1727
1402 2296
1402 2960
1403 1409
1405 1723
1405 1738
1406 2313
1407 2261
1408 1433
1410 1770
1412 3205
1413 1446
1414 1607
1414 2069
1414 2753
1415 2326
1416 1850
1416 2754
1416 2868
1416 2994
1417 2604
1419 3023
1423 1840
1424 1731
1425 2344
1426 2037
1426 2327
1426 2478
1426 3255
1427 1761
1427 2701
1428 1736
1429 1680
1429 1685
1429 2522
1429 2626
1430 1770
1431 2036
1435 2177
1437 1816
1437 2248
1437 2814
1438 1440
1439 3045
1441 2149
1444 1807
1444 1893
1444 2240
1444 2374
1444 2623
1444 2655
1445 2646
1445 2833
1447 2053
1448 1533
1448 2859
1449 1789
1449 2907
1450 1668
1450 2234
1452 1726
1453 1864
1453 1867
1455 1850
1455 2514
1455 2722
1455 2907
1456 1459
1457 1461
1457 1488
1457 1610
1457 1672
1458 1459
1458 1460
1458 1461
1458 2342
1458 2382
1459 1488
1459 2382
1460 2138
1462 1463
1464 2205
1465 1466
1465 1468
1465 1469
1465 2124
1465 2222
1466 1469
1466 2124
1466 2222
1467 1469
1467 2124
1468 1469
1468 2124
1468 2222
1469 2124
1469 2222
1469 2620
1470 2124
1470 2222
1472 1477
1472 1478
1472 2518
1472 2796
1474 1760
1474 1969
1474 2090
1474 2127
1474 2134
1474 2209
1474 2686
1474 2907
1475 1754
1475 2907
1476 1492
1476 1493
1476 2219
1477 1478
1478 2518
1478 2796
1480 1482
1480 1650
1481 1488
1481 2624
1481 2831
1484 3034
1484 3035
1485 1985
1485 2525
1486 1487
1487 1488
1487 1489
1487 2257
1487 2668
1487 2831
1487 2894
1487 3027
1488 1672
1488 2257
1488 2309
1488 2624
1488 3027
1489 2004
1490 2189
1491 1732
1492 1493
1494 2455
1495 2673
1496 3203
1497 1769
1500 1502
1501 2058
1501 2828
1501 3000
1503 1505
1506 1507
1508 1975
1508 2306
1509 2089
1510 1512
1510 1542
1510 1552
1510 1608
1510 1679
1510 1740
1510 1976
1510 2313
1510 2682
1511 1975
1511 2306
1511 2682
1512 1513
1512 1679
1512 1740
1512 2313
1512 2337
1513 1679
1513 1740
1513 1976
1514 2850
1515 2538
1517 3249
1518 3249
1519 1520
1521 2126
1522 1875
1522 2202
1522 2898
1522 3158
1523 2070
1523 2619
1524 2411
1525 1992
1525 2195
1526 1621
1527 2944
1528 2375
1528 3010
1529 2033
1530 1538
1531 1833
1531 2079
1534 2031
1536 1816
1536 1850
1536 3007
1537 1538
1539 1903
1540 1956
1541 2201
1541 3065
1542 1642
1542 2312
1542 2596
1543 1562
1543 2054
1543 2422
1543 2953
1544 2041
1544 2907
1545 1851
1545 2089
1546 3015
1547 1566
1547 2039
1547 2073
1547 2686
1547 2852
1547 2907
1549 1568
1552 1642
1552 2312
1552 2596
1552 2836
1553 2222
1553 3178
1555 2826
1557 1769
1558 1788
1558 2070
1558 2517
1558 2666
1558 3060
1558 3061
1558 3062
1558 3063
1558 3064
1558 3065
1558 3099
1558 3102
1558 3160
1559 1639
1559 1641
1559 1906
1559 2201
1559 2527
1560 2039
1560 2090
1560 2686
1560 2907
1560 2929
1562 1969
1562 2201
1562 2510
1562 2953
1563 1982
1563 2039
1563 2059
1563 2907
1563 2912
1564 2201
1565 1567
1566 2073
1566 2214
1566 2852
1567 1771
1567 2089
1567 2305
1567 2961
1568 1696
1569 2039
1569 2507
1569 2907
1570 2087
1570 2958
1570 3009
1571 1851
1571 2039
1571 2041
1572 1852
1572 3143
1573 1967
1573 2852
1574 1634
1574 1654
1574 1679
1574 1740
1574 2754
1574 2783
1575 2219
1575 2220
1577 1661
1577 2096
1577 2201
1577 2211
1578 2187
1578 2907
1579 1872
1579 1873
1579 2307
1580 1984
1580 2502
1580 2507
1580 2686
1580 3167
1581 1919
1582 2161
1582 3231
1582 3260
1583 2222
1583 2620
1584 2148
1585 1635
1585 1801
1585 2805
1586 1616
1588 1603
1589 1643
1589 1663
1591 1640
1592 1646
1592 2557
1594 1657
1596 1815
1597 1615
1597 1860
1597 2150
1597 3021
1598 2159
1599 2725
1601 2402
1601 2571
1601 2935
1602 1774
1602 1827
1602 2394
1602 3042
1603 1641
1603 2033
1603 2219
1603 2226
1603 2707
1604 1931
1604 2227
1604 2459
1604 2544
1604 3173
1606 1931
1606 2227
1606 2459
1606 2544
1606 3173
1607 2543
1608 1632
1608 2313
1608 3214
1612 2565
1613 1645
1613 1659
1614 2553
1614 2707
1616 1619
1616 1888
1616 1889
1618 1673
1619 1888
1619 2252
1620 1639
1620 1906
1621 2408
1622 1645
1626 2182
1626 2183
1626 2682
1628 1788
1629 2255
1630 2093
1630 2913
1631 2231
1633 1653
1633 1657
1634 1664
1634 2093
1635 1643
1635 2579
1635 2762
1635 2805
1637 1651
1637 1665
1637 1666
1638 3155
1639 2527
1640 2107
1640 2761
1641 1656
1641 2522
1642 1995
1642 2312
1643 1663
1643 1766
1643 2076
1643 2317
1643 2537
1643 2550
1643 2554
1643 2555
1643 2654
1643 2762
1643 3134
1643 3153
1644 1663
1645 1659
1645 2097
1645 2820
1646 2557
1647 1948
1647 3135
1649 2402
1649 2571
1649 2935
1650 2247
1651 1665
1652 1657
1653 1656
1654 1664
1654 2093
1655 2311
1655 3074
1656 1657
1658 1696
1660 3054
1661 2366
1662 2570
1663 2076
1663 2317
1663 3242
1664 2093
1668 2695
1668 2697
1668 2723
1668 2802
1668 2809
1668 3173
1669 1900
1669 2440
1671 2821
1672 2008
1672 2624
1673 2109
1673 3041
1675 2093
1675 2645
1676 3136
1677 1678
1677 2836
1678 2836
1679 2754
1680 1685
1683 2333
1684 3031
1686 2335
1686 2366
1687 3163
1688 2264
1690 2860
1692 2938
1693 1710
1693 2619
1694 1696
1695 2264
1697 2998
1699 2921
1701 1733
1702 2122
1703 1733
1704 3137
1706 2592
1708 2133
1708 2277
1709 2019
1711 3237
1712 1737
1712 2485
1713 1714
1715 1751
1715 3043
1718 2626
1722 2706
1724 3198
1725 1742
1727 2296
1728 2083
1729 2025
1730 2590
1734 2449
1735 2190
1735 2466
1740 2754
1741 2778
1741 2779
1743 2190
1743 2466
1746 2463
1747 2860
1748 2815
1749 2114
1750 1955
1753 2824
1754 2485
1755 1756
1756 1882
1758 2889
1758 3182
1759 2283
1759 2901
1759 3225
1760 1916
1760 2073
1760 2907
1760 2956
1762 3106
1763 2350
1768 2419
1769 2672
1770 3145
1771 3206
1772 1788
1773 1774
1773 1775
1773 1776
1774 2394
1775 1776
1777 2339
1777 2788
1778 1815
1778 2713
1778 2756
1778 2758
1778 2759
1779 2073
1781 1815
1781 2713
1781 2758
1781 2759
1782 1794
1782 2620
1782 3178
1783 2264
1784 2686
1784 2907
1785 2513
1786 1790
1786 1978
1786 2360
1786 2657
1788 2197
1788 2630
1788 3064
1789 1978
1789 3222
1790 1946
1790 1978
1790 2041
1792 3169
1792 3232
1792 3233
1793 1978
1793 2070
1793 2686
1793 2907
1794 2620
1795 2996
1796 2641
1797 2690
1798 2513
1799 1978
1800 2884
1800 2956
1800 3217
1801 2805
1802 2525
1803 1948
1804 1856
1804 1859
1804 1932
1804 2723
1805 1948
1806 2435
1806 3156
1808 2402
1809 1819
1811 1825
1811 2536
1813 2888
1813 2889
1814 1923
1815 1963
1815 2713
1816 2661
1816 2679
1816 2704
1817 2423
1818 2891
1820 2425
1821 1959
1821 2436
1821 2437
1821 2883
1822 2950
1823 2387
1824 2176
1825 2536
1825 2997
1829 2553
1829 2744
1830 3123
1831 1911
1831 2065
1831 2066
1831 2674
1832 2591
1834 2834
1835 2782
1837 2918
1839 2675
1841 2191
1842 1937
1843 3223
1844 2480
1846 2166
1848 2728
1849 2105
1850 1932
1850 2399
1850 2450
1850 2514
1850 2695
1850 2722
1850 2723
1851 1872
1851 1977
1851 2305
1851 2903
1851 2961
1852 3084
1853 3017
1854 2714
1855 1859
1856 2565
1856 2580
1856 2665
1857 2253
1857 2695
1857 2697
1858 2575
1858 2827
1859 2565
1859 2580
1859 2586
1859 2665
1859 2827
1860 2072
1860 2158
1860 2695
1860 3079
1861 2454
1863 2086
1864 1867
1865 2698
1866 2698
1868 2698
1869 2093
1870 2500
1871 2652
1871 2895
1872 2047
1872 2209
1872 2220
1872 2221
1872 2307
1872 2804
1872 2830
1872 2903
1872 3087
1872 3098
1873 1919
1873 2134
1873 2182
1873 2183
1873 2804
1873 2941
1873 3087
1874 2496
1874 3175
1875 2055
1875 2514
1875 2722
1875 2723
1876 3176
1877 2936
1878 2583
1880 1924
1880 2899
1881 2790
1882 1924
1882 2395
1882 2523
1882 2899
1882 3240
1883 2737
1883 3247
1884 2560
1884 3010
1886 2178
1887 2125
1888 1889
1890 2765
1890 3208
1891 1892
1892 3182
1893 1895
1893 2747
1894 1896
1896 2743
1897 2138
1897 2421
1898 2627
1898 3138
1900 3175
1901 2215
1901 2506
1902 2687
1904 3045
1905 3016
1906 2201
1908 2533
1909 2878
1910 2262
1910 2780
1910 3058
1911 2973
1912 2907
1913 2073
1914 2852
1914 2907
1914 3015
1914 3257
1916 2945
1917 2146
1917 2907
1917 2999
1918 2092
1918 2220
1918 2498
1918 2736
1918 3132
1919 1974
1919 2039
1919 2206
1919 2907
1919 3018
1922 1983
1922 2041
1922 2862
1924 3184
1924 3185
1925 2057
1926 2746
1927 2000
1927 2096
1927 2246
1927 2972
1928 2809
1929 2488
1929 2832
1930 2563
1930 2846
1931 3173
1932 2055
1932 2723
1933 2631
1933 2633
1934 3123
1935 2047
1938 2939
1939 2284
1939 3193
1940 2648
1941 2948
1941 3244
1944 2064
1945 2101
1945 3172
1946 1947
1946 2307
1946 2657
1948 1949
1948 2645
1948 2688
1948 2692
1948 2694
1949 2688
1950 1953
1950 2669
1951 2104
1953 3068
1954 3218
1957 2782
1957 3008
1958 3117
1958 3258
1959 2426
1959 2436
1960 2987
1960 3227
1960 3256
1961 2539
1962 2403
1964 2646
1964 2833
1965 2595
1965 2786
1967 2305
1967 2556
1968 2907
1969 2089
1969 2209
1969 2835
1971 2041
1971 2682
1971 2689
1971 2691
1973 2039
1973 2134
1973 2686
1973 2907
1973 3087
1973 3222
1975 2360
1975 2498
1975 2682
1975 2907
1975 3075
1978 2147
1978 2307
1978 2360
1978 2362
1978 2641
1978 2657
1978 2689
1978 2691
1978 2862
1978 2907
1978 3087
1978 3222
1980 2907
1982 2039
1983 2073
1983 2090
1983 2907
1983 2945
1983 2979
1983 3216
1984 2686
1984 2993
1986 2026
1986 2858
1987 2123
1987 2417
1989 2043
1989 3185
1990 2033
1990 2095
1991 2854
1992 2195
1992 2368
1992 2716
1992 2814
1993 2823
1993 3155
1994 2997
1997 2403
1998 2553
1999 2159
2000 2096
2001 2097
2001 2820
2002 2078
2003 2007
2005 2256
2005 2806
2005 2810
2009 3091
2010 2011
2012 3196
2013 2324
2014 2024
2014 2029
2015 2024
2017 2271
2018 3146
2021 3201
2022 2023
2024 2029
2024 2338
2024 2699
2024 3044
2027 2575
2031 3051
2033 2095
2033 2549
2034 2452
2034 2974
2036 2658
2037 2327
2037 3128
2037 3129
2037 3255
2038 3191
2039 2134
2039 2149
2039 2197
2039 2198
2039 2209
2039 2502
2039 2507
2039 2641
2039 2912
2039 2930
2039 3015
2039 3087
2039 3167
2039 3206
2039 3222
2039 3231
2040 2686
2041 2059
2041 2187
2041 2218
2041 2307
2041 2362
2041 2517
2041 2630
2041 2641
2041 2682
2041 2689
2041 2691
2041 2861
2041 3062
2041 3063
2041 3064
2041 3065
2041 3101
2041 3102
2041 3206
2041 3222
2042 3213
2043 3190
2043 3240
2044 2556
2044 2754
2045 3213
2046 2645
2048 2338
2048 3262
2049 2278
2049 2741
2050 2278
2052 2675
2054 2637
2055 2143
2055 2723
2055 3007
2056 2057
2058 3000
2059 2127
2059 2641
2059 2930
2059 3206
2060 2843
2063 2809
2067 2702
2069 2220
2070 2517
2070 2630
2070 2688
2070 2715
2070 3062
2070 3064
2070 3099
2070 3222
2071 2073
2071 2082
2071 2700
2072 2955
2072 3011
2073 2149
2073 2361
2073 2907
2073 2956
2074 2075
2076 3153
2077 2953
2081 2571
2081 3096
2082 2700
2084 2316
2085 2245
2085 2560
2085 3186
2086 2170
2088 2092
2088 2093
2088 2999
2088 3100
2089 2092
2089 2221
2089 2310
2089 2511
2089 3076
2090 2092
2090 3222
2091 2220
2091 2497
2091 2508
2091 2754
2091 2942
2091 2999
2091 3100
2092 2093
2092 2201
2092 2220
2092 2306
2092 2497
2092 2508
2092 2607
2092 2754
2092 2942
2092 2962
2092 2999
2092 3100
2092 3222
2093 2201
2093 2230
2093 2417
2093 2783
2094 2748
2096 2438
2096 2972
2097 2820
2099 2102
2103 3219
2107 2761
2108 2934
2109 2496
2109 3180
2112 2115
2116 2745
2117 2590
2118 2119
2121 2787
2123 2417
2124 2848
2127 2930
2127 2959
2129 2318
2129 2366
2129 3230
2131 2994
2132 2896
2134 2149
2134 2209
2134 2304
2134 2507
2134 2863
2134 2907
2134 2930
2134 3087
2135 2201
2136 2319
2139 2215
2139 2881
2139 2884
2141 2681
2142 2676
2143 2851
2146 3000
2147 2153
2147 2187
2147 2862
2147 2907
2148 2187
2148 2907
2149 2507
2149 2863
2149 2907
2150 2945
2150 3079
2151 2152
2151 2224
2151 2907
2153 2360
2155 2162
2155 2400
2157 2580
2157 3109
2160 2316
2161 3260
2163 2585
2164 2165
2167 2364
2167 3049
2168 2173
2169 2170
2169 2171
2170 2171
2170 2316
2172 2477
2174 3049
2175 2477
2176 2192
2176 2194
2179 2180
2183 2804
2184 2185
2186 2785
2187 2641
2187 2864
2187 2867
2187 2907
2188 2754
2191 2707
2193 2486
2195 2368
2195 2716
2197 2198
2197 2862
2197 2907
2197 3222
2198 2907
2199 2553
2199 2741
2199 2744
2199 2970
2200 2269
2201 2356
2201 2366
2201 2754
2202 2660
2202 3158
2204 2693
2206 2246
2207 2741
2208 2641
2208 3075
2208 3206
2209 2507
2209 2853
2209 2907
2209 2960
2209 2979
2212 2686
2212 2912
2212 3075
2214 2686
2214 2852
2215 2884
2216 2507
2216 2515
2216 2686
2216 2852
2216 2907
2216 2928
2216 3115
2217 2448
2218 2517
2218 2630
2218 2688
2218 2708
2218 3036
2218 3060
2218 3061
2218 3062
2218 3063
2218 3064
2218 3065
2218 3066
2218 3102
2218 3222
2219 2220
2220 2366
2220 2641
2220 2907
2221 2310
2221 3076
2222 2300
2223 2907
2224 2367
2225 2299
2225 2340
2225 3241
2227 2814
2228 2259
2228 2624
2229 2951
2230 2235
2230 2582
2230 2668
2232 3154
2235 2582
2236 2582
2238 2915
2239 2947
2242 2316
2243 2404
2244 2249
2244 3174
2245 2253
2245 2915
2246 2258
2246 2972
2248 2665
2248 2827
2249 2382
2249 2512
2249 2529
2249 2774
2250 2642
2251 2414
2251 2846
2253 2695
2253 3039
2254 3054
2255 2406
2255 2668
2257 2624
2257 2997
2257 3027
2261 3095
2262 3058
2263 2495
2264 3245
2265 2446
2267 3264
2268 2584
2269 2647
2270 2952
2271 2786
2272 2726
2272 2910
2273 3264
2274 2295
2274 2874
2274 2974
2277 2792
2280 2988
2280 3070
2282 3177
2283 2901
2283 3220
2283 3225
2285 2340
2287 2298
2287 2638
2288 3164
2289 2876
2290 2328
2292 2479
2294 2781
2294 2952
2295 2974
2297 2609
2297 2937
2298 2638
2299 2340
2299 3028
2299 3241
2304 2686
2304 2907
2306 2468
2307 2689
2307 2691
2307 2907
2310 3076
2315 3003
2320 2622
2321 2933
2322 2428
2323 3260
2325 2922
2329 2816
2330 2674
2334 2487
2335 2366
2335 2625
2335 2736
2337 3215
2339 2770
2340 3028
2342 2382
2343 2653
2345 2798
2346 3222
2346 3239
2347 2730
2353 2709
2354 2355
2357 2945
2360 2657
2360 2862
2360 3075
2360 3222
2362 2641
2362 2852
2362 2907
2366 2829
2366 2919
2366 2931
2366 3222
2366 3230
2368 2695
2369 2827
2369 3130
2370 2427
2370 3083
2371 2531
2373 2441
2374 3212
2377 2633
2379 3086
2383 2413
2384 2806
2384 2810
2384 3047
2385 3037
2386 2424
2391 2662
2391 2667
2391 2892
2394 3055
2397 2580
2399 2723
2399 3151
2402 3086
2405 2763
2407 2558
2410 2496
2410 3175
2410 3180
2415 2424
2418 2419
2419 2741
2420 3022
2427 3083
2429 3140
2431 2432
2432 2434
2436 2437
2436 3089
2437 2985
2439 2983
2440 2496
2443 2915
2444 2642
2445 2703
2445 3239
2446 3107
2447 3171
2450 2459
2450 3151
2454 2460
2455 2859
2456 2458
2457 2458
2459 3151
2461 2734
2462 2940
2465 2488
2465 2644
2467 2750
2469 2677
2470 3157
2471 2782
2473 2877
2474 3171
2475 2616
2475 2942
2480 2923
2481 3120
2482 2977
2483 2484
2483 3111
2484 3111
2488 2644
2491 2619
2492 3105
2494 3094
2496 2547
2496 3175
2497 3191
2498 2686
2499 2507
2499 2619
2499 2686
2499 2907
2500 2770
2500 2839
2502 2507
2502 2907
2502 3075
2503 2729
2504 2656
2505 3064
2507 2907
2507 2912
2507 2956
2507 3087
2507 3167
2507 3257
2508 2907
2509 2825
2512 3069
2512 3221
2513 3029
2515 3115
2516 2649
2516 2800
2516 2907
2517 2630
2517 2708
2517 3036
2517 3060
2517 3062
2517 3063
2517 3064
2517 3065
2517 3102
2519 2798
2523 2899
2524 2547
2526 2564
2528 2560
2528 3010
2533 2905
2535 2810
2537 2554
2537 2555
2537 3134
2538 3185
2540 3067
2542 3240
2543 3005
2544 3151
2544 3173
2545 2934
2553 2696
2553 2735
2554 2555
2554 3134
2554 3153
2555 3134
2555 3153
2559 2902
2559 3119
2559 3123
2560 3010
2565 2566
2565 3142
2566 3036
2575 2827
2575 3109
2577 2668
2579 2762
2580 2661
2580 2665
2580 3142
2581 2635
2581 2650
2594 2652
2598 3025
2599 3188
2600 3046
2603 3238
2605 2784
2606 2901
2607 2754
2609 2937
2609 2943
2615 2652
2615 2895
2616 2942
2618 2879
2619 2783
2620 3209
2624 3027
2627 3138
2628 2629
2628 3099
2629 3099
2630 2708
2630 2907
2630 3036
2630 3066
2631 2633
2632 2743
2632 3013
2635 3150
2636 3195
2639 3246
2640 2680
2641 2907
2642 2668
2642 2738
2642 3004
2646 2833
2649 2930
2651 2897
2656 2721
2656 2907
2657 3222
2658 2995
2660 2898
2663 2845
2666 2791
2669 3068
2671 2854
2674 3202
2675 2935
2682 2862
2682 3222
2686 2708
2686 2857
2686 2903
2686 3064
2686 3065
2689 2907
2689 3222
2691 2907
2691 3222
2692 2871
2695 2722
2695 2760
2695 2802
2695 2809
2695 2814
2695 2844
2695 3112
2695 3113
2695 3248
2697 2722
2698 3137
2708 3062
2708 3063
2708 3066
2710 2987
2710 3165
2711 2978
2711 3081
2716 2837
2716 2858
2718 3033
2720 2739
2724 2730
2725 2917
2725 3114
2727 2752
2731 3149
2732 3054
2735 2744
2736 3132
2748 2880
2748 3263
2749 2894
2755 2914
2756 2759
2758 2759
2763 2764
2768 2818
2771 3097
2772 2862
2776 3080
2777 2942
2778 2779
2792 3059
2794 3222
2795 2945
2797 2907
2798 2799
2798 3090
2803 2809
2803 2966
2807 2944
2809 2822
2809 2966
2809 3112
2809 3113
2811 3078
2812 3143
2813 3170
2813 3256
2814 3173
2819 2869
2823 3155
2828 3000
2830 2890
2831 2847
2832 3088
2836 3074
2852 2907
2852 3092
2852 3115
2855 2866
2855 2907
2856 2865
2857 2866
2857 2907
2861 2907
2862 2907
2862 3063
2862 3102
2863 2907
2863 3087
2866 2867
2872 2873
2872 2900
2874 2974
2882 3091
2892 2897
2893 3118
2898 3191
2901 3225
2902 3125
2903 2961
2907 2912
2907 2927
2907 2945
2907 2956
2907 2959
2907 2979
2907 2993
2907 2996
2907 3015
2907 3053
2907 3060
2907 3062
2907 3064
2907 3065
2907 3087
2907 3098
2907 3101
2907 3144
2907 3169
2907 3181
2907 3206
2907 3222
2907 3231
2907 3232
2907 3233
2908 3073
2915 3186
2916 3000
2920 3123
2927 3144
2936 3234
2944 2964
2951 3114
2956 2979
2957 3221
2958 3009
2962 3192
2963 3039
2963 3186
2965 2970
2967 2968
2973 2976
2975 3123
2978 3081
2980 3209
2982 3002
2984 3252
2984 3253
2987 3165
2987 3170
2990 3097
2991 3111
2997 3027
3008 3191
3014 3104
3026 3261
3029 3083
3030 3057
3036 3062
3036 3160
3040 3130
3052 3147
3056 3168
3060 3061
3060 3062
3060 3063
3060 3064
3060 3065
3060 3102
3060 3160
3061 3064
3062 3066
3063 3066
3064 3066
3069 3070
3069 3221
3071 3132
3072 3131
3075 3222
3077 3078
3085 3089
3088 3213
3108 3162
3110 3126
3118 3211
3119 3125
3121 3123
3122 3123
3123 3124
3126 3127
3134 3153
3165 3256
3170 3256
3175 3180
3175 3240
3179 3252
3179 3253
3184 3185
3184 3190
3185 3190
3189 3250
3197 3198
3228 3229
3243 3244
