1000 2991
1 2
1 3
1 4
1 5
1 6
1 7
1 14
1 20
1 22
1 28
1 31
1 49
1 50
1 51
1 59
1 64
1 70
1 76
1 77
1 82
1 86
1 91
1 103
1 109
1 114
1 116
1 120
1 121
1 124
1 156
1 164
1 176
1 190
1 195
1 225
1 228
1 230
1 232
1 241
1 245
1 275
1 278
1 288
1 290
1 302
1 329
1 351
1 360
1 361
1 392
1 400
1 407
1 423
1 430
1 441
1 446
1 455
1 474
1 486
1 499
1 529
1 598
1 599
1 618
1 620
1 630
1 640
1 651
1 660
1 671
1 675
1 677
1 684
1 698
1 703
1 725
1 741
1 747
1 755
1 782
1 793
1 810
1 820
1 845
1 856
1 867
1 877
1 891
1 914
1 916
1 928
1 940
1 970
1 976
2 5
2 6
2 7
2 8
2 9
2 10
2 13
2 15
2 17
2 33
2 42
2 45
2 53
2 62
2 68
2 69
2 106
2 124
2 137
2 175
2 191
2 217
2 278
2 281
2 291
2 381
2 464
2 484
2 490
2 492
2 500
2 505
2 511
2 532
2 539
2 598
2 667
2 717
2 754
2 767
2 839
2 894
2 926
2 955
2 972
3 9
3 37
3 62
3 67
3 123
3 156
3 160
3 192
3 216
3 259
3 261
3 289
3 304
3 394
3 493
3 543
3 642
3 678
3 826
3 896
4 5
4 11
4 23
4 32
4 46
4 48
4 108
4 146
4 166
4 197
4 233
4 251
4 268
4 277
4 287
4 330
4 339
4 346
4 347
4 402
4 491
4 501
4 531
4 533
4 682
4 702
4 713
4 756
4 758
4 801
4 814
4 821
4 852
4 863
4 876
4 900
4 944
4 956
5 6
5 7
5 8
5 13
5 16
5 17
5 24
5 29
5 31
5 38
5 65
5 73
5 81
5 105
5 134
5 164
5 165
5 205
5 209
5 249
5 253
5 265
5 292
5 310
5 321
5 329
5 332
5 407
5 448
5 502
5 534
5 571
5 595
5 611
5 631
5 790
5 833
5 872
6 10
6 11
6 12
6 14
6 15
6 18
6 20
6 23
6 26
6 27
6 35
6 47
6 51
6 54
6 57
6 67
6 72
6 89
6 98
6 127
6 130
6 157
6 158
6 174
6 189
6 204
6 222
6 225
6 239
6 251
6 260
6 280
6 281
6 310
6 314
6 331
6 343
6 385
6 387
6 411
6 414
6 423
6 517
6 529
6 627
6 658
6 661
6 689
6 705
6 736
6 756
6 822
6 823
6 870
6 871
6 904
6 905
6 940
6 988
7 8
7 9
7 10
7 12
7 23
7 38
7 53
7 58
7 65
7 74
7 86
7 89
7 109
7 113
7 124
7 126
7 128
7 139
7 149
7 167
7 188
7 208
7 226
7 261
7 276
7 295
7 305
7 331
7 417
7 422
7 547
7 556
7 626
7 630
7 660
7 685
7 688
7 779
7 798
7 906
7 909
8 21
8 25
8 43
8 129
8 131
8 152
8 200
8 220
8 227
8 364
8 374
8 418
8 455
8 522
8 553
8 579
8 619
8 707
8 721
8 722
8 938
8 975
8 980
8 993
9 11
9 14
9 18
9 22
9 24
9 30
9 31
9 32
9 33
9 34
9 36
9 38
9 45
9 47
9 54
9 63
9 102
9 114
9 135
9 151
9 156
9 157
9 190
9 245
9 280
9 301
9 311
9 326
9 384
9 386
9 391
9 439
9 508
9 510
9 513
9 531
9 547
9 563
9 634
9 645
9 716
9 740
9 773
9 783
9 810
9 811
9 885
9 890
9 917
9 929
9 940
9 952
9 972
10 12
10 13
10 18
10 24
10 27
10 42
10 46
10 113
10 118
10 132
10 139
10 163
10 201
10 214
10 248
10 259
10 271
10 301
10 312
10 335
10 357
10 381
10 428
10 432
10 434
10 468
10 514
10 544
10 623
10 683
10 685
10 710
10 743
10 769
10 797
10 830
10 832
10 872
10 880
10 891
11 15
11 16
11 19
11 21
11 27
11 28
11 35
11 39
11 41
11 61
11 76
11 82
11 87
11 91
11 92
11 100
11 102
11 109
11 128
11 138
11 144
11 153
11 154
11 175
11 179
11 181
11 185
11 198
11 207
11 209
11 216
11 219
11 225
11 236
11 264
11 267
11 279
11 300
11 345
11 355
11 380
11 383
11 388
11 403
11 438
11 457
11 481
11 526
11 551
11 561
11 567
11 569
11 572
11 586
11 614
11 616
11 621
11 644
11 670
11 691
11 740
11 752
11 757
11 772
11 789
11 846
11 867
11 886
11 905
11 919
11 968
12 26
12 42
12 50
12 59
12 61
12 74
12 80
12 86
12 111
12 130
12 145
12 177
12 265
12 304
12 443
12 447
12 448
12 472
12 573
12 726
13 20
13 35
13 39
13 48
13 73
13 111
13 122
13 160
13 204
13 312
13 359
13 408
13 482
13 486
13 673
13 696
13 700
13 766
13 873
13 892
13 990
14 19
14 39
14 117
14 161
14 220
14 237
14 255
14 275
14 283
14 286
14 370
14 372
14 377
14 392
14 455
14 469
14 474
14 507
14 535
14 551
14 561
14 562
14 570
14 583
14 591
14 610
14 647
14 762
14 772
14 862
14 922
15 16
15 19
15 22
15 26
15 30
15 37
15 43
15 44
15 46
15 52
15 58
15 77
15 78
15 80
15 83
15 126
15 189
15 192
15 202
15 221
15 306
15 307
15 366
15 384
15 404
15 423
15 426
15 452
15 454
15 495
15 565
15 593
15 606
15 607
15 657
15 691
15 699
15 768
15 786
15 868
15 870
15 942
15 948
15 996
16 17
16 25
16 28
16 29
16 41
16 49
16 56
16 64
16 69
16 71
16 102
16 103
16 121
16 184
16 187
16 188
16 200
16 230
16 254
16 266
16 271
16 295
16 296
16 300
16 328
16 340
16 356
16 358
16 377
16 388
16 420
16 425
16 430
16 449
16 450
16 453
16 459
16 473
16 503
16 538
16 549
16 562
16 601
16 614
16 640
16 646
16 733
16 802
16 829
16 886
16 966
16 984
17 191
17 681
17 969
18 25
18 34
18 36
18 83
18 154
18 397
18 414
18 462
18 569
18 689
18 696
18 709
18 724
19 21
19 37
19 283
19 321
19 333
19 350
19 360
19 366
19 401
19 431
19 475
19 654
19 815
19 959
19 965
20 30
20 34
20 43
20 51
20 53
20 63
20 71
20 93
20 131
20 162
20 187
20 188
20 201
20 221
20 232
20 403
20 487
20 514
20 565
20 819
20 974
21 33
21 60
21 61
21 65
21 117
21 145
21 146
21 243
21 252
21 258
21 269
21 385
21 420
21 427
21 489
21 610
21 687
21 725
21 749
21 790
21 843
21 951
22 122
22 177
22 285
22 291
22 318
22 545
22 675
22 729
23 29
23 257
23 519
23 601
23 743
23 836
23 852
23 856
23 990
24 55
24 143
24 161
24 182
24 202
24 311
24 349
24 406
24 435
24 478
24 493
24 637
24 780
25 36
25 70
25 125
25 254
25 346
25 386
25 474
25 552
25 650
25 699
25 962
26 147
26 242
26 269
26 321
26 410
26 429
26 584
26 831
26 934
26 939
27 40
27 85
27 100
27 132
27 165
27 166
27 181
27 197
27 221
27 234
27 253
27 297
27 307
27 320
27 324
27 458
27 498
27 703
27 735
27 829
27 907
27 950
27 981
28 32
28 40
28 55
28 69
28 238
28 264
28 270
28 323
28 327
28 582
28 586
28 612
28 690
28 785
28 788
28 805
28 828
28 946
29 41
29 81
29 178
29 180
29 255
29 368
29 386
29 475
29 502
29 657
29 873
29 915
29 950
29 967
30 40
30 52
30 67
30 76
30 95
30 101
30 110
30 116
30 131
30 137
30 141
30 168
30 185
30 192
30 215
30 323
30 337
30 341
30 407
30 422
30 456
30 514
30 587
30 684
30 851
30 865
30 941
31 84
31 94
31 721
31 821
31 899
32 44
32 62
32 142
32 268
32 354
32 492
32 534
32 550
32 718
32 874
32 875
32 985
33 445
33 486
34 54
34 78
34 141
34 206
34 266
34 318
34 686
34 902
35 50
35 57
35 75
35 193
35 286
35 370
35 592
35 849
36 47
36 97
36 185
36 196
36 200
36 284
36 294
36 323
36 369
36 449
36 459
36 463
36 485
36 490
36 770
36 944
37 55
37 56
37 87
37 115
37 206
37 207
37 237
37 308
37 348
37 352
37 360
37 427
37 538
37 975
37 996
37 999
38 52
38 63
38 66
38 70
38 90
38 211
38 252
38 475
38 525
38 679
38 724
38 855
38 859
39 48
39 90
39 107
39 459
39 582
39 908
39 960
39 992
40 94
40 235
40 238
40 435
40 451
40 499
40 587
40 844
41 44
41 56
41 99
41 117
41 171
41 233
41 292
41 340
41 411
41 433
41 508
41 676
41 698
42 45
42 108
42 114
42 123
42 136
42 142
42 178
42 218
42 299
42 327
42 330
42 596
42 604
42 734
42 755
42 779
43 49
43 123
43 125
43 127
43 171
43 195
43 199
43 223
43 272
43 315
43 426
43 439
43 516
43 528
43 589
43 684
43 690
43 794
44 75
44 101
44 111
44 126
44 149
44 376
44 378
44 406
44 481
44 513
44 560
44 565
44 770
44 869
45 58
45 66
45 68
45 77
45 99
45 140
45 149
45 210
45 230
45 238
45 252
45 260
45 265
45 315
45 324
45 342
45 415
45 510
45 537
45 647
45 717
45 733
45 859
45 918
46 79
46 244
46 364
46 616
47 195
47 288
47 384
47 901
48 72
48 542
48 633
49 95
49 97
49 98
49 135
49 319
49 398
49 458
49 589
49 754
49 819
49 896
49 905
50 57
50 60
50 66
50 87
50 96
50 112
50 186
50 209
50 227
50 237
50 258
50 267
50 278
50 294
50 320
50 354
50 397
50 405
50 413
50 527
50 677
50 752
50 753
50 833
51 130
51 541
51 650
51 958
52 60
52 152
52 159
52 344
52 345
52 641
52 782
53 72
53 79
53 153
53 199
53 302
53 638
53 704
53 798
53 934
54 68
54 85
54 115
54 119
54 158
54 196
54 214
54 270
54 294
54 299
54 313
54 324
54 361
54 362
54 389
54 412
54 413
54 453
54 498
54 756
54 840
54 854
54 887
54 920
55 82
55 118
55 173
55 218
55 313
55 417
55 421
55 429
55 713
55 814
55 856
55 900
56 110
56 146
56 148
56 317
56 358
57 611
57 786
57 792
58 59
58 64
58 84
58 96
58 143
58 164
58 194
58 241
58 289
58 566
58 571
58 652
58 765
59 210
59 625
59 648
59 784
59 845
59 864
60 132
60 134
60 332
60 344
60 369
60 395
60 549
60 576
60 590
60 670
60 714
60 720
60 766
60 837
60 855
60 962
60 993
61 71
61 74
61 75
61 88
61 92
61 94
61 112
61 264
61 342
61 383
61 931
61 987
62 88
62 133
62 137
62 143
62 175
62 247
62 251
62 305
62 350
62 457
62 494
62 512
62 568
62 602
62 734
62 750
62 762
62 780
62 781
62 902
62 942
63 95
63 106
63 138
63 406
63 409
63 480
63 613
63 653
63 824
63 916
64 96
64 106
64 139
64 179
64 204
64 215
64 385
64 478
64 487
64 555
64 679
64 709
64 742
64 938
64 963
65 73
65 79
65 105
65 148
65 151
65 170
65 174
65 205
65 242
65 306
65 333
65 369
65 504
65 548
65 708
65 740
65 747
65 771
65 838
66 169
66 441
66 523
66 576
66 789
66 838
67 113
67 120
67 150
67 184
67 301
67 322
67 434
67 810
68 78
68 168
68 234
68 257
68 428
68 464
68 554
68 653
68 683
68 843
68 911
69 115
69 191
69 199
69 207
69 291
69 298
69 424
69 646
69 827
69 848
70 81
70 165
70 183
70 203
70 477
70 639
70 668
70 672
71 91
71 129
71 134
71 152
71 171
71 202
71 229
71 236
71 509
71 656
71 659
71 673
71 704
71 804
71 866
71 947
71 968
72 151
72 176
72 297
72 390
72 464
72 526
72 546
72 757
72 907
73 93
73 104
73 122
73 133
73 270
73 349
73 715
73 739
73 805
73 946
73 964
74 80
74 83
74 89
74 119
74 161
74 274
74 320
74 379
74 380
74 647
74 865
74 976
75 93
75 97
75 121
75 184
75 187
75 233
75 254
75 373
75 534
75 616
75 649
75 707
75 722
75 882
75 885
75 991
76 162
76 215
76 394
76 495
76 547
76 555
76 658
77 613
77 621
77 652
78 85
78 120
78 129
78 148
78 173
78 282
78 319
78 418
78 429
78 462
78 566
78 663
79 88
79 127
79 138
79 304
79 337
79 392
79 855
80 105
80 150
80 154
80 155
80 318
80 479
80 506
80 622
81 84
81 310
81 380
81 479
81 552
81 693
81 704
81 885
81 898
82 92
82 100
82 224
82 316
82 357
82 422
82 425
82 462
82 558
82 560
82 602
82 848
82 866
82 944
82 952
83 155
83 395
83 887
83 937
84 107
84 108
84 118
84 193
84 213
84 266
84 298
84 305
84 609
84 716
84 723
84 777
84 946
85 90
85 163
85 289
85 544
85 594
85 982
86 107
86 141
86 150
86 158
86 216
86 244
86 410
86 436
86 924
87 99
87 101
87 103
87 217
87 240
87 274
87 290
87 558
87 568
87 672
87 807
87 989
87 1000
88 104
88 285
88 341
88 387
88 471
88 652
88 735
88 899
89 438
89 958
90 235
90 466
90 666
90 809
91 104
91 125
91 181
91 212
91 231
91 256
91 259
91 325
91 379
91 443
91 472
91 511
91 752
91 760
92 363
92 364
92 419
92 437
92 488
92 494
92 540
92 694
92 741
92 927
93 112
93 213
93 290
93 373
93 535
93 591
93 611
93 690
93 984
93 997
94 174
94 197
94 214
94 219
94 269
94 336
94 400
94 521
94 543
94 570
94 799
94 812
94 817
94 839
94 893
94 948
94 957
95 135
95 144
95 250
95 279
95 352
95 476
95 504
95 525
95 561
95 636
95 895
96 98
96 295
96 316
96 319
96 542
96 778
96 786
96 804
98 110
98 746
98 821
98 951
99 788
100 168
101 136
101 223
101 236
101 625
101 849
102 621
102 680
102 889
103 173
103 194
104 186
104 303
104 430
104 528
104 536
104 571
105 159
105 162
105 170
105 190
105 365
105 375
105 440
105 588
105 682
105 818
105 990
106 179
106 349
106 562
106 674
106 713
106 827
107 283
107 365
107 371
107 483
107 806
108 119
108 226
108 344
108 367
108 521
108 641
108 705
108 750
108 806
109 263
110 116
110 153
110 287
110 355
110 678
110 712
111 778
112 180
112 634
112 710
113 255
113 343
113 642
113 705
113 729
114 404
114 826
115 253
116 142
116 155
116 345
116 351
116 372
116 446
116 501
116 532
116 787
116 833
116 857
117 160
117 250
117 333
117 508
117 582
117 632
117 715
117 880
117 883
118 219
118 296
118 431
119 169
119 194
119 322
119 471
119 488
119 546
119 577
119 612
119 643
119 768
120 128
120 316
120 346
120 825
121 145
121 340
121 343
121 836
121 927
122 287
122 563
122 800
123 144
123 498
123 772
123 783
123 971
124 201
124 809
124 1000
125 172
125 224
125 376
125 724
125 897
126 159
126 169
126 180
126 240
126 241
126 272
126 279
126 308
126 362
126 382
126 417
126 424
126 481
126 483
126 597
126 615
126 640
126 648
126 850
126 893
127 157
127 212
127 224
127 395
127 432
127 575
127 904
127 979
128 133
128 308
128 368
129 166
129 583
129 995
130 136
130 302
130 309
130 315
130 861
131 322
131 635
131 644
132 196
132 203
132 218
132 286
132 312
132 445
132 461
132 835
132 922
133 329
133 347
133 449
133 552
133 854
133 924
134 140
134 167
134 239
134 260
134 275
134 666
134 688
134 701
134 818
135 247
135 271
135 293
136 140
136 263
136 332
136 655
136 719
136 734
137 412
137 519
137 748
138 147
138 739
138 763
138 796
138 884
139 497
140 744
140 841
141 147
141 205
141 342
141 397
141 440
141 676
141 702
141 764
141 773
141 925
141 943
141 994
142 695
143 182
144 247
144 520
144 628
144 677
144 700
145 229
145 234
145 393
145 438
145 590
145 951
145 967
146 176
146 217
146 693
147 334
147 540
148 503
148 794
149 485
149 585
149 829
150 177
150 198
150 220
150 325
150 471
150 473
150 548
150 580
150 901
150 903
150 918
150 983
150 986
151 288
151 331
151 728
152 163
152 359
152 440
152 841
152 913
153 506
153 525
153 759
154 172
154 178
154 231
154 262
154 296
154 495
154 513
154 522
154 526
154 731
154 910
154 974
155 183
155 363
155 470
155 664
155 895
156 183
156 222
156 325
156 493
156 636
157 198
157 262
157 387
157 624
157 716
157 738
158 182
158 222
158 239
158 509
158 615
158 986
159 273
159 502
159 837
160 997
161 311
161 863
162 243
162 370
162 651
162 674
162 998
163 212
163 484
163 503
163 894
164 167
164 170
164 306
164 359
164 416
164 517
164 537
164 604
165 211
165 556
166 436
166 626
166 787
166 909
167 249
168 186
168 248
168 327
168 362
168 541
169 453
169 520
169 775
170 172
170 248
170 307
170 515
170 883
170 899
170 988
170 995
171 410
171 433
171 559
171 627
171 659
171 667
171 737
171 835
171 970
172 229
172 245
172 284
173 263
173 339
173 766
173 895
174 193
174 732
174 898
174 924
174 932
175 189
175 226
175 373
175 375
176 272
176 434
176 477
176 491
176 557
176 692
176 751
176 920
176 987
177 267
177 539
177 925
177 954
178 335
178 408
178 461
178 549
178 830
178 888
178 978
179 228
179 242
179 746
179 805
179 931
180 223
180 573
180 816
180 877
180 945
181 415
181 460
181 882
182 399
182 436
183 338
183 699
183 956
184 208
184 227
184 274
184 293
184 613
184 617
184 860
184 965
185 303
185 391
185 477
185 517
186 614
186 808
187 231
187 802
187 932
188 317
188 557
188 633
188 691
188 785
190 203
190 206
190 213
190 281
190 632
191 268
192 334
192 390
192 521
192 569
192 622
192 635
192 959
193 403
193 609
194 235
194 426
194 479
194 784
194 907
195 524
196 401
196 594
196 807
198 211
198 509
198 512
198 678
198 798
198 962
199 246
199 276
199 888
200 210
200 676
202 500
203 282
203 309
203 566
203 575
204 246
204 250
204 770
204 886
204 914
205 244
205 442
205 633
205 853
206 208
206 232
206 243
206 303
206 414
206 507
206 689
206 776
206 860
206 935
207 656
207 743
207 765
207 794
208 298
208 442
209 371
209 418
209 450
209 555
209 738
209 799
209 803
209 825
209 956
210 372
210 923
211 424
211 533
211 769
213 257
213 309
213 393
214 594
216 382
216 535
218 353
218 499
218 505
218 662
219 761
220 447
220 653
220 695
220 750
220 753
221 754
221 774
223 258
223 335
223 515
223 636
223 751
224 698
225 326
225 396
225 795
225 998
226 357
226 376
226 536
226 615
226 958
227 228
227 256
227 280
227 484
227 645
227 701
228 285
228 836
229 314
229 533
229 627
230 460
230 470
230 580
230 706
231 732
231 801
232 585
232 597
233 446
233 548
233 606
233 961
234 240
234 246
235 399
235 779
236 273
236 276
236 326
236 363
236 375
236 473
236 476
236 554
236 558
236 576
237 277
237 389
237 763
238 728
239 356
240 416
240 476
241 261
241 408
241 483
241 542
244 843
245 588
245 605
246 577
246 631
247 249
247 256
247 695
247 819
248 347
249 262
249 575
250 292
250 352
250 405
250 458
250 516
250 599
250 719
251 404
251 581
251 774
251 999
254 378
254 519
254 858
255 374
256 991
257 337
257 610
258 368
258 994
260 330
260 456
260 463
260 469
260 541
260 557
260 646
260 808
260 811
261 617
261 683
262 282
262 358
262 623
262 648
262 835
262 989
263 273
263 500
263 635
263 889
264 284
264 336
264 478
264 530
266 871
268 328
268 432
268 507
269 545
271 300
271 447
272 682
272 706
272 760
272 875
273 334
273 816
274 365
274 625
274 726
274 753
274 948
275 437
275 603
275 680
275 957
275 966
275 991
276 277
276 604
276 818
276 993
279 578
279 624
279 741
280 393
280 673
281 394
281 945
282 744
282 980
283 339
283 348
283 452
283 726
283 874
285 391
285 570
285 595
286 923
286 963
287 505
287 567
287 639
287 801
288 661
289 388
289 468
289 501
289 564
290 299
290 341
290 356
290 607
291 592
291 739
291 939
292 293
292 317
292 350
292 419
292 443
292 581
292 601
292 668
292 694
292 727
292 892
292 919
294 297
294 427
294 686
294 714
295 353
295 354
295 466
295 864
296 452
296 813
297 516
297 637
297 976
298 313
299 620
299 658
299 728
299 736
300 664
301 348
301 420
301 487
301 567
301 863
302 544
303 442
303 454
303 861
304 336
304 839
304 909
305 353
305 409
305 550
306 876
306 892
306 935
307 701
308 623
309 595
309 700
310 441
310 578
310 671
310 811
310 910
311 328
311 367
311 431
311 444
311 560
311 667
311 834
311 904
311 992
312 314
312 399
312 568
312 763
313 425
313 450
313 776
313 797
313 842
313 853
314 490
315 518
315 723
316 539
316 850
316 870
317 338
317 411
317 419
317 511
317 580
317 593
317 672
317 791
317 804
317 943
317 953
317 983
318 338
318 444
318 485
318 860
318 919
319 687
320 382
320 530
320 643
320 730
320 915
320 923
321 415
321 488
321 651
322 367
322 396
322 467
322 588
322 987
323 908
324 413
324 718
324 815
325 537
326 401
326 448
326 823
327 913
328 681
328 715
329 783
330 812
331 463
331 776
331 838
332 390
333 351
333 637
333 742
335 379
335 480
336 374
336 405
336 617
337 467
337 480
337 556
337 596
337 708
338 795
338 917
340 355
340 377
340 692
340 889
342 412
342 512
342 605
342 796
342 862
342 979
343 361
343 366
343 389
343 607
343 879
345 496
345 527
345 532
345 608
345 717
345 781
345 809
345 851
346 579
347 725
348 461
348 669
348 817
350 433
350 467
350 518
352 626
352 669
353 383
353 428
353 655
353 731
353 837
353 925
354 496
354 943
355 528
355 531
355 694
356 396
356 460
356 465
356 585
356 622
356 645
357 518
357 912
358 378
358 444
358 668
359 933
360 954
361 381
361 398
363 482
363 491
363 523
363 650
363 758
363 781
363 979
364 421
365 590
365 727
366 402
366 929
366 930
367 465
367 489
367 497
367 731
367 800
368 371
368 402
368 451
368 522
368 551
373 965
374 981
376 536
376 828
377 400
377 574
378 850
379 587
379 915
379 959
379 968
380 941
381 496
381 553
381 655
382 572
383 435
383 439
383 736
384 469
385 409
385 900
387 619
387 628
387 632
388 421
388 730
388 745
389 748
390 654
392 398
392 896
392 921
393 524
393 550
393 600
393 773
393 985
394 574
394 927
395 820
395 938
397 858
398 994
399 572
399 771
399 825
400 468
401 492
401 681
401 960
403 832
404 712
405 851
405 971
406 456
406 543
406 608
406 618
406 664
406 708
406 903
408 416
408 665
408 709
408 719
408 978
409 643
409 963
411 510
411 1000
412 482
413 553
416 849
417 559
417 665
417 815
419 451
419 494
419 730
419 817
419 942
419 970
420 679
420 875
420 986
421 437
421 609
421 884
422 840
422 926
423 454
423 472
423 591
423 745
425 457
425 470
425 506
425 824
426 775
428 602
429 764
431 797
431 891
432 961
433 546
436 624
437 445
437 703
437 755
437 831
437 906
438 523
438 656
440 641
440 759
441 630
443 489
443 697
443 878
444 729
444 822
445 871
445 888
446 574
446 945
447 577
448 530
448 600
448 620
448 777
448 869
451 524
452 465
454 592
455 540
455 674
458 661
460 584
465 466
465 890
466 639
466 727
467 662
468 504
468 515
468 814
468 834
470 497
470 973
472 578
473 638
474 520
474 599
475 559
477 827
478 903
478 977
479 619
479 696
479 926
480 975
481 969
482 586
483 788
483 977
486 605
487 720
488 596
488 722
488 992
490 564
494 634
494 868
498 659
500 711
502 777
502 917
503 529
503 583
505 593
506 579
506 612
509 597
509 732
509 813
509 973
511 718
511 787
511 806
512 723
513 953
514 554
514 881
516 742
517 657
520 618
520 671
520 972
522 527
522 670
523 872
524 693
525 660
527 881
528 692
528 735
528 998
529 600
530 545
530 862
530 911
533 878
533 882
535 538
535 665
535 792
535 828
535 840
535 844
535 941
535 955
538 796
538 865
540 841
541 564
542 950
542 961
543 937
545 706
545 767
545 820
546 631
547 606
548 711
549 581
549 628
549 642
549 853
549 869
549 937
550 603
552 939
552 964
555 638
555 802
557 710
560 573
560 749
561 563
561 749
562 844
563 866
563 876
563 921
564 720
565 603
565 707
566 996
568 765
570 629
572 589
573 780
574 768
574 880
575 914
576 775
577 598
579 584
580 789
583 686
583 930
585 662
588 680
588 791
589 947
590 747
592 644
593 649
593 744
593 764
593 793
593 906
593 949
594 654
594 846
596 608
596 629
598 737
599 738
599 795
599 832
600 669
602 663
602 785
603 745
606 767
606 922
609 688
610 675
611 816
612 769
613 629
613 663
613 930
613 973
614 760
614 842
616 793
617 697
619 934
621 966
622 685
623 757
632 778
632 782
632 847
633 823
634 737
638 649
638 977
642 761
647 666
647 712
647 803
648 887
649 687
650 771
651 799
651 879
655 714
655 949
658 702
662 831
665 971
672 733
676 830
678 857
680 881
681 792
682 861
682 883
683 846
684 697
684 868
685 913
691 790
692 842
692 847
692 960
693 813
694 711
694 751
697 897
697 957
697 995
699 791
701 912
704 879
705 954
707 721
707 877
707 933
708 910
709 761
711 746
712 847
715 748
715 824
717 953
719 894
720 822
723 935
725 964
726 758
730 936
733 884
736 800
740 762
741 774
741 890
742 932
743 834
747 784
747 812
750 759
754 858
758 933
759 997
761 859
761 936
762 921
765 807
765 897
765 974
766 893
773 874
774 852
774 867
780 955
781 854
782 931
783 826
785 920
789 803
789 981
790 808
790 983
797 848
797 928
800 902
801 928
805 908
806 857
814 969
816 845
816 898
826 864
826 952
836 918
850 982
854 901
858 978
860 999
869 873
871 912
874 878
875 929
878 911
878 949
879 984
902 916
913 947
915 988
922 985
924 982
926 936
948 967
967 980
986 989
