1000 4975
1 2
1 3
1 4
1 5
1 6
1 7
1 8
1 9
1 12
1 15
1 17
1 20
1 22
1 27
1 31
1 32
1 38
1 45
1 46
1 49
1 53
1 55
1 72
1 91
1 92
1 101
1 121
1 128
1 143
1 147
1 167
1 175
1 246
1 258
1 262
1 264
1 267
1 324
1 344
1 352
1 354
1 378
1 380
1 381
1 389
1 425
1 432
1 443
1 450
1 469
1 504
1 522
1 524
1 594
1 608
1 654
1 659
1 673
1 688
1 689
1 700
1 703
1 707
1 737
1 739
1 742
1 746
1 762
1 807
1 809
1 846
1 868
1 884
1 913
1 940
1 998
2 9
2 12
2 21
2 23
2 28
2 32
2 38
2 97
2 108
2 120
2 137
2 154
2 179
2 212
2 231
2 252
2 277
2 359
2 408
2 485
2 527
2 530
2 553
2 582
2 594
2 600
2 614
2 767
2 824
2 898
2 930
3 7
3 19
3 21
3 86
3 146
3 159
3 295
3 357
3 361
3 387
3 494
3 551
4 7
4 8
4 10
4 15
4 19
4 33
4 36
4 37
4 94
4 103
4 105
4 190
4 248
4 272
4 273
4 304
4 380
4 437
4 460
4 551
4 552
4 573
4 705
4 730
4 834
4 840
4 895
4 989
4 997
5 7
5 8
5 10
5 11
5 12
5 14
5 15
5 16
5 18
5 20
5 21
5 24
5 27
5 30
5 31
5 42
5 58
5 64
5 73
5 77
5 82
5 91
5 94
5 104
5 105
5 108
5 112
5 114
5 123
5 124
5 152
5 158
5 159
5 167
5 168
5 183
5 194
5 203
5 219
5 221
5 223
5 238
5 241
5 247
5 249
5 266
5 281
5 288
5 290
5 293
5 300
5 304
5 306
5 345
5 359
5 376
5 378
5 409
5 415
5 423
5 436
5 464
5 502
5 506
5 514
5 520
5 523
5 537
5 538
5 539
5 540
5 545
5 547
5 574
5 578
5 589
5 616
5 624
5 649
5 659
5 661
5 675
5 695
5 754
5 758
5 761
5 775
5 776
5 786
5 808
5 821
5 846
5 853
5 864
5 877
5 881
5 902
5 903
5 933
5 936
5 951
5 970
5 987
6 7
6 8
6 9
6 10
6 11
6 15
6 16
6 20
6 21
6 23
6 24
6 27
6 30
6 33
6 36
6 38
6 41
6 47
6 50
6 60
6 68
6 70
6 71
6 78
6 83
6 89
6 105
6 115
6 116
6 118
6 121
6 122
6 128
6 141
6 142
6 144
6 148
6 156
6 162
6 164
6 165
6 176
6 177
6 187
6 199
6 203
6 208
6 212
6 215
6 217
6 220
6 227
6 233
6 258
6 289
6 327
6 329
6 351
6 355
6 380
6 406
6 427
6 472
6 476
6 494
6 502
6 504
6 509
6 510
6 516
6 521
6 522
6 534
6 539
6 541
6 579
6 587
6 588
6 610
6 614
6 619
6 621
6 640
6 659
6 665
6 671
6 698
6 719
6 753
6 759
6 766
6 804
6 822
6 838
6 910
6 914
6 933
6 956
6 986
7 8
7 9
7 10
7 11
7 12
7 13
7 14
7 19
7 23
7 26
7 29
7 45
7 47
7 49
7 51
7 52
7 56
7 64
7 69
7 70
7 74
7 79
7 81
7 97
7 99
7 103
7 108
7 112
7 113
7 116
7 125
7 132
7 135
7 140
7 141
7 145
7 149
7 152
7 177
7 194
7 201
7 216
7 221
7 248
7 259
7 261
7 278
7 282
7 287
7 292
7 296
7 305
7 317
7 319
7 338
7 345
7 350
7 355
7 357
7 363
7 367
7 372
7 382
7 389
7 395
7 400
7 411
7 428
7 460
7 464
7 465
7 562
7 573
7 589
7 590
7 594
7 598
7 606
7 607
7 617
7 622
7 650
7 667
7 690
7 702
7 709
7 713
7 717
7 727
7 728
7 734
7 735
7 749
7 789
7 851
7 854
7 880
7 890
7 895
7 937
7 969
7 972
7 976
7 998
8 9
8 10
8 11
8 13
8 14
8 17
8 19
8 28
8 35
8 39
8 41
8 43
8 45
8 65
8 84
8 87
8 95
8 102
8 104
8 131
8 136
8 143
8 145
8 147
8 150
8 152
8 164
8 178
8 189
8 190
8 199
8 210
8 222
8 230
8 249
8 269
8 280
8 287
8 291
8 300
8 350
8 363
8 423
8 424
8 427
8 456
8 519
8 533
8 538
8 541
8 556
8 559
8 593
8 602
8 608
8 615
8 617
8 618
8 628
8 632
8 680
8 708
8 730
8 753
8 755
8 764
8 786
8 796
8 803
8 890
8 908
8 915
8 924
8 957
8 974
9 11
9 12
9 13
9 14
9 16
9 17
9 18
9 20
9 22
9 24
9 25
9 27
9 30
9 31
9 32
9 40
9 41
9 58
9 59
9 62
9 66
9 70
9 76
9 87
9 88
9 93
9 98
9 102
9 104
9 106
9 110
9 117
9 127
9 148
9 153
9 161
9 194
9 196
9 198
9 214
9 220
9 235
9 242
9 252
9 268
9 283
9 287
9 293
9 302
9 306
9 328
9 331
9 342
9 360
9 365
9 376
9 386
9 393
9 395
9 400
9 415
9 478
9 503
9 509
9 516
9 519
9 521
9 530
9 548
9 571
9 582
9 603
9 623
9 684
9 725
9 729
9 780
9 860
9 875
9 892
9 906
9 907
9 923
9 925
9 930
9 932
9 962
9 964
10 13
10 14
10 15
10 17
10 18
10 20
10 22
10 24
10 25
10 26
10 29
10 34
10 43
10 50
10 53
10 56
10 61
10 62
10 65
10 68
10 72
10 73
10 83
10 93
10 99
10 104
10 105
10 113
10 121
10 124
10 127
10 129
10 137
10 139
10 149
10 152
10 169
10 179
10 191
10 194
10 197
10 202
10 231
10 232
10 240
10 251
10 259
10 261
10 288
10 301
10 303
10 316
10 326
10 342
10 361
10 367
10 374
10 418
10 420
10 422
10 427
10 452
10 454
10 518
10 581
10 587
10 591
10 647
10 673
10 674
10 677
10 685
10 692
10 718
10 721
10 724
10 746
10 748
10 750
10 803
10 813
10 878
10 885
10 888
10 893
10 910
10 925
10 928
10 973
10 987
11 18
11 21
11 22
11 29
11 38
11 39
11 40
11 43
11 54
11 55
11 89
11 101
11 113
11 114
11 119
11 121
11 172
11 211
11 217
11 221
11 240
11 254
11 287
11 290
11 298
11 309
11 313
11 360
11 373
11 374
11 411
11 417
11 480
11 495
11 522
11 535
11 570
11 573
11 602
11 626
11 629
11 645
11 662
11 686
11 687
11 735
11 802
11 836
11 842
11 907
11 923
12 13
12 16
12 17
12 31
12 36
12 41
12 46
12 47
12 48
12 75
12 78
12 163
12 182
12 191
12 201
12 213
12 245
12 261
12 286
12 320
12 420
12 441
12 468
12 489
12 577
12 583
12 762
12 819
12 831
12 843
12 852
13 16
13 48
13 81
13 89
13 125
13 205
13 334
13 391
13 444
13 945
14 19
14 22
14 35
14 46
14 59
14 71
14 90
14 96
14 98
14 108
14 110
14 119
14 171
14 173
14 185
14 192
14 202
14 224
14 256
14 285
14 289
14 315
14 341
14 366
14 376
14 437
14 440
14 451
14 454
14 467
14 469
14 490
14 512
14 543
14 569
14 604
14 624
14 652
14 681
14 711
14 720
14 770
14 775
14 797
14 842
14 876
14 955
14 970
14 971
14 999
15 32
15 74
15 88
15 96
15 103
15 157
15 178
15 253
15 348
15 782
15 943
16 36
16 45
16 54
16 69
16 101
16 102
16 106
16 122
16 140
16 179
16 196
16 257
16 356
16 491
16 531
16 600
16 686
16 693
16 763
16 771
16 874
16 914
17 18
17 23
17 25
17 26
17 28
17 51
17 58
17 66
17 78
17 111
17 112
17 123
17 149
17 168
17 180
17 204
17 205
17 223
17 229
17 230
17 243
17 246
17 253
17 254
17 268
17 299
17 320
17 321
17 322
17 336
17 362
17 371
17 387
17 392
17 412
17 417
17 419
17 460
17 491
17 500
17 505
17 517
17 555
17 560
17 590
17 597
17 648
17 653
17 707
17 736
17 749
17 768
17 783
17 822
17 905
17 947
17 979
17 996
18 34
18 52
18 63
18 79
18 80
18 91
18 104
18 119
18 121
18 133
18 162
18 205
18 207
18 340
18 442
18 443
18 678
18 755
19 25
19 35
19 40
19 42
19 52
19 53
19 67
19 71
19 82
19 95
19 98
19 105
19 106
19 107
19 109
19 113
19 116
19 127
19 140
19 179
19 195
19 229
19 306
19 311
19 316
19 320
19 385
19 404
19 433
19 485
19 491
19 542
19 553
19 643
19 687
19 706
19 724
19 792
19 830
19 881
19 906
19 910
19 943
19 962
19 996
20 23
20 26
20 28
20 33
20 34
20 37
20 42
20 47
20 48
20 51
20 52
20 53
20 54
20 57
20 60
20 65
20 71
20 79
20 84
20 97
20 107
20 109
20 118
20 123
20 143
20 149
20 155
20 160
20 169
20 171
20 188
20 214
20 224
20 242
20 266
20 270
20 312
20 367
20 388
20 397
20 404
20 415
20 449
20 455
20 477
20 486
20 505
20 514
20 540
20 550
20 574
20 579
20 594
20 600
20 654
20 706
20 801
20 845
20 886
20 906
20 910
20 948
20 953
20 975
20 980
21 24
21 25
21 26
21 30
21 32
21 45
21 50
21 52
21 56
21 61
21 73
21 78
21 88
21 92
21 94
21 96
21 106
21 129
21 130
21 144
21 151
21 161
21 174
21 175
21 177
21 180
21 181
21 184
21 185
21 188
21 195
21 209
21 226
21 229
21 237
21 246
21 263
21 265
21 288
21 300
21 312
21 319
21 337
21 401
21 403
21 440
21 448
21 458
21 459
21 477
21 523
21 526
21 547
21 565
21 567
21 581
21 589
21 610
21 627
21 636
21 651
21 669
21 675
21 706
21 739
21 767
21 785
21 801
21 811
21 834
21 865
21 893
21 897
21 921
21 955
21 977
21 984
22 27
22 35
22 54
22 55
22 56
22 76
22 99
22 123
22 124
22 126
22 145
22 180
22 186
22 204
22 216
22 224
22 436
22 462
22 484
22 487
22 530
22 531
22 541
22 542
22 748
22 757
22 945
23 30
23 33
23 34
23 39
23 40
23 47
23 57
23 65
23 70
23 72
23 73
23 91
23 93
23 109
23 120
23 126
23 129
23 133
23 145
23 158
23 169
23 189
23 190
23 207
23 222
23 241
23 290
23 312
23 315
23 329
23 340
23 370
23 381
23 391
23 411
23 422
23 449
23 537
23 541
23 556
23 557
23 623
23 683
23 709
23 763
23 784
23 786
23 799
23 894
24 28
24 36
24 37
24 42
24 43
24 50
24 57
24 69
24 111
24 151
24 158
24 169
24 183
24 203
24 212
24 233
24 245
24 284
24 303
24 306
24 316
24 455
24 474
24 477
24 480
24 508
24 793
24 798
24 811
24 828
24 907
24 947
24 959
24 966
25 29
25 37
25 41
25 46
25 50
25 63
25 86
25 90
25 100
25 114
25 118
25 139
25 144
25 151
25 210
25 214
25 223
25 240
25 254
25 267
25 328
25 353
25 366
25 384
25 399
25 442
25 489
25 494
25 498
25 507
25 534
25 563
25 570
25 588
25 592
25 614
25 621
25 669
25 684
25 747
25 784
25 796
25 820
25 953
25 967
26 34
26 44
26 65
26 99
26 115
26 167
26 192
26 226
26 249
26 398
26 405
26 508
26 618
26 634
26 791
26 812
26 940
26 990
26 1000
27 29
27 31
27 35
27 55
27 58
27 63
27 68
27 82
27 91
27 98
27 132
27 137
27 139
27 151
27 178
27 182
27 197
27 222
27 228
27 251
27 254
27 266
27 273
27 279
27 303
27 305
27 319
27 327
27 353
27 398
27 426
27 445
27 467
27 487
27 496
27 557
27 650
27 666
27 708
27 722
27 736
27 740
27 743
27 751
27 815
27 828
27 859
27 946
27 980
27 997
27 999
28 38
28 60
28 67
28 76
28 77
28 83
28 134
28 142
28 149
28 216
28 233
28 255
28 283
28 318
28 352
28 373
28 382
28 402
28 416
28 435
28 438
28 439
28 517
28 655
28 657
28 674
28 731
28 774
28 817
28 834
28 869
29 100
29 114
29 142
29 202
29 204
29 338
29 459
29 524
29 546
29 692
29 745
29 770
29 846
30 80
30 134
30 136
30 146
30 249
30 250
30 327
30 355
30 383
30 457
30 512
30 639
30 650
30 651
30 676
30 708
30 836
30 935
31 33
31 37
31 39
31 44
31 60
31 75
31 117
31 119
31 138
31 141
31 193
31 209
31 235
31 243
31 262
31 313
31 379
31 394
31 409
31 429
31 431
31 449
31 462
31 473
31 580
31 626
31 630
31 651
31 660
31 672
31 685
31 757
31 780
31 786
31 857
31 916
31 988
31 990
31 994
31 995
32 40
32 54
32 67
32 77
32 83
32 93
32 110
32 115
32 140
32 146
32 159
32 166
32 185
32 190
32 220
32 221
32 251
32 253
32 254
32 270
32 276
32 280
32 309
32 313
32 314
32 372
32 382
32 419
32 448
32 454
32 462
32 463
32 467
32 482
32 486
32 537
32 540
32 564
32 604
32 615
32 625
32 674
32 702
32 731
32 739
32 784
32 787
32 812
32 827
32 872
32 901
32 987
32 997
33 49
33 51
33 72
33 75
33 83
33 115
33 147
33 160
33 296
33 364
33 377
33 400
33 476
33 492
33 513
33 555
33 580
33 791
33 803
33 882
33 889
33 972
34 42
34 55
34 182
34 439
34 544
34 608
35 138
35 182
35 214
35 308
35 378
35 386
35 459
35 471
35 554
35 790
36 39
36 64
36 71
36 206
36 250
36 301
36 308
36 356
36 433
36 511
36 517
36 539
36 575
36 576
36 617
36 631
36 659
36 977
37 44
37 87
37 101
37 327
37 359
37 362
37 446
37 523
37 625
37 642
37 756
37 812
37 824
37 869
37 912
37 981
38 63
38 74
38 77
38 95
38 111
38 117
38 130
38 131
38 137
38 143
38 152
38 163
38 166
38 178
38 183
38 186
38 209
38 231
38 255
38 269
38 270
38 300
38 315
38 335
38 349
38 408
38 435
38 475
38 501
38 528
38 547
38 577
38 585
38 597
38 642
38 660
38 664
38 667
38 701
38 718
38 739
38 765
38 806
38 825
38 832
38 835
38 855
38 876
38 928
38 952
38 994
39 44
39 57
39 66
39 168
39 221
39 251
39 351
39 365
39 375
39 460
39 500
39 515
39 555
39 559
39 788
39 938
39 940
39 981
40 73
40 150
40 239
40 269
40 333
40 354
40 372
40 403
40 445
40 468
40 610
40 849
40 937
40 986
41 43
41 44
41 57
41 59
41 67
41 70
41 72
41 82
41 90
41 107
41 117
41 122
41 128
41 154
41 167
41 170
41 171
41 174
41 210
41 227
41 228
41 265
41 269
41 346
41 364
41 385
41 396
41 402
41 456
41 599
41 621
41 628
41 695
41 752
41 803
41 982
42 48
42 49
42 51
42 59
42 61
42 62
42 69
42 85
42 148
42 166
42 178
42 200
42 208
42 223
42 234
42 238
42 256
42 257
42 264
42 268
42 282
42 310
42 311
42 334
42 368
42 423
42 462
42 489
42 567
42 609
42 641
42 646
42 652
42 720
42 762
42 771
42 823
42 845
42 857
42 879
42 892
42 942
42 962
42 989
43 49
43 58
43 77
43 84
43 85
43 92
43 107
43 120
43 125
43 147
43 158
43 183
43 227
43 255
43 256
43 267
43 279
43 280
43 335
43 347
43 428
43 442
43 470
43 475
43 491
43 563
43 597
43 616
43 679
43 695
43 696
43 716
43 788
43 854
43 876
43 889
43 892
44 46
44 48
44 64
44 111
44 137
44 151
44 177
44 264
44 323
44 328
44 352
44 377
44 407
44 432
44 469
44 477
44 539
44 627
44 679
44 695
44 765
44 850
44 872
44 956
45 59
45 62
45 79
45 82
45 84
45 98
45 165
45 166
45 273
45 276
45 318
45 338
45 366
45 369
45 481
45 559
45 694
45 728
45 740
45 788
45 805
45 834
45 958
46 144
46 154
46 298
46 322
46 363
46 424
46 488
46 548
47 53
47 69
47 93
47 100
47 148
47 181
47 232
47 264
47 293
47 334
47 431
47 510
47 519
47 523
47 621
47 850
47 854
47 889
47 991
48 60
48 66
48 76
48 95
48 97
48 116
48 145
48 157
48 238
48 260
48 274
48 348
48 373
48 430
48 435
48 446
48 457
48 496
48 598
48 704
48 721
48 753
48 814
48 826
48 931
48 933
49 61
49 74
49 88
49 95
49 118
49 123
49 131
49 238
49 452
49 476
49 485
49 553
49 652
49 707
49 716
49 758
49 768
50 56
50 103
50 191
50 314
50 337
50 395
50 451
50 484
50 521
50 703
50 737
51 88
51 100
51 135
51 173
51 186
51 189
51 211
51 225
51 237
51 257
51 286
51 299
51 317
51 347
51 410
51 483
51 661
51 730
51 789
51 807
51 891
51 905
52 92
52 102
52 143
52 209
52 210
52 213
52 235
52 291
52 388
52 543
52 556
52 721
52 727
52 777
52 851
53 61
53 67
53 76
53 80
53 86
53 142
53 175
53 213
53 246
53 275
53 294
53 309
53 334
53 406
53 472
53 595
53 613
53 620
53 626
53 647
53 655
53 718
53 721
53 731
53 734
53 831
53 896
53 898
53 912
53 980
54 75
54 106
54 235
54 250
54 268
54 330
54 408
54 411
54 513
54 525
54 529
54 546
54 648
54 705
54 864
54 941
54 960
55 146
55 168
55 206
55 349
55 351
55 414
55 474
55 571
55 707
55 747
55 920
56 68
56 75
56 81
56 87
56 89
56 162
56 174
56 358
56 380
56 383
56 392
56 406
56 450
56 518
56 549
56 575
56 794
56 913
56 985
57 63
57 79
57 80
57 116
57 133
57 181
57 188
57 201
57 207
57 452
57 470
57 486
57 487
57 497
57 504
57 539
57 558
57 568
57 668
57 676
57 719
57 827
57 835
57 882
57 998
58 62
58 80
58 122
58 160
58 201
58 205
58 214
58 278
58 305
58 326
58 331
58 398
58 414
58 471
58 494
58 680
58 814
58 834
59 68
59 102
59 158
59 217
59 257
59 276
59 295
59 305
59 584
59 709
59 796
59 825
59 997
60 100
60 101
60 115
60 126
60 136
60 175
60 193
60 271
60 361
60 371
60 386
60 533
60 693
60 702
60 802
60 806
61 134
61 244
61 509
61 892
62 85
62 89
62 206
62 341
62 413
62 751
63 64
63 66
63 81
63 133
63 179
63 205
63 215
63 257
63 444
63 492
63 566
63 663
63 666
63 697
63 919
63 920
63 941
64 74
64 249
64 365
64 402
64 430
64 484
65 90
65 132
65 140
65 225
65 343
65 349
65 359
65 458
65 682
65 858
65 958
66 92
66 124
66 136
66 147
66 217
66 236
66 339
66 368
66 441
66 691
66 815
66 901
67 118
67 156
67 218
67 241
67 333
67 613
67 635
67 696
67 800
67 831
67 909
67 971
68 84
68 99
68 125
68 133
68 141
68 174
68 199
68 265
68 364
68 366
68 380
68 397
68 407
68 447
68 501
68 590
68 618
68 655
68 666
68 790
68 797
68 948
68 949
69 96
69 139
69 176
69 365
69 393
69 476
69 663
69 778
69 788
70 78
70 81
70 126
70 144
70 229
70 234
70 276
70 320
70 505
70 544
70 546
70 634
70 694
70 741
70 844
70 878
71 324
71 356
71 441
71 908
71 995
72 177
72 385
72 475
72 489
72 547
72 642
72 658
72 799
73 132
73 183
73 345
73 393
73 520
73 673
73 678
73 917
73 959
74 86
74 174
74 200
74 333
74 545
74 565
74 589
74 597
74 670
74 682
74 742
74 762
74 891
74 898
75 111
75 112
75 135
75 275
75 285
75 314
75 343
75 536
75 567
75 583
75 586
75 601
75 632
75 779
76 85
76 94
76 157
76 202
76 251
76 292
76 348
76 506
76 564
76 680
76 714
76 768
76 774
76 888
76 974
76 984
77 85
77 94
77 110
77 128
77 270
77 293
77 298
77 308
77 357
77 360
77 367
77 374
77 584
77 609
77 622
77 669
77 878
77 934
77 973
78 103
78 110
78 218
78 244
78 270
78 299
78 315
78 410
78 458
78 479
78 511
78 576
78 613
78 836
78 887
79 228
79 297
79 326
79 362
79 542
79 625
79 741
80 87
80 97
80 127
80 132
80 155
80 159
80 166
80 362
80 379
80 586
80 591
80 629
80 726
80 732
80 781
80 948
80 978
81 150
81 162
81 242
81 256
81 280
81 318
81 387
81 389
81 422
81 499
81 529
81 582
81 617
81 629
81 778
81 782
81 816
82 107
82 126
82 609
82 638
82 681
82 817
82 852
82 886
82 923
83 86
83 114
83 120
83 122
83 150
83 154
83 168
83 219
83 237
83 243
83 260
83 261
83 269
83 273
83 304
83 319
83 322
83 379
83 610
83 622
83 662
83 802
83 813
83 826
83 885
83 956
83 974
84 128
84 153
84 163
84 170
84 195
84 201
84 292
84 324
84 390
84 560
84 606
84 624
84 657
84 699
84 701
84 735
84 795
84 822
84 905
84 968
85 90
85 153
85 218
85 228
85 329
85 866
85 909
85 985
86 211
87 159
87 176
87 182
87 227
87 248
87 273
87 286
87 323
87 354
87 528
87 779
87 813
87 901
87 934
88 172
88 430
88 445
88 488
88 567
88 1000
89 124
89 129
89 184
89 230
89 391
89 500
89 550
89 675
89 687
89 694
89 708
89 767
89 835
89 921
90 138
90 169
90 332
90 654
90 924
91 312
91 341
91 471
91 497
91 805
92 130
92 163
92 286
92 310
92 474
92 525
92 631
92 717
92 817
92 895
93 96
93 231
93 292
93 295
93 405
93 568
93 573
93 674
93 741
93 794
93 804
93 829
93 887
93 893
94 164
94 172
94 180
94 185
94 307
94 455
94 507
94 572
94 619
94 744
94 915
95 108
95 134
95 150
95 161
95 346
95 405
95 407
95 421
95 566
95 603
95 630
95 669
95 856
95 868
96 141
96 155
96 156
96 165
96 170
96 192
96 208
96 370
96 390
96 446
96 463
96 942
96 976
97 109
97 127
97 196
97 197
97 245
97 260
97 261
97 265
97 330
97 346
97 397
97 429
97 436
97 507
97 533
97 572
97 626
97 653
97 726
97 806
97 868
98 112
98 153
98 163
98 317
98 330
98 348
98 351
98 475
98 517
98 578
98 671
98 686
98 785
98 928
99 138
99 189
99 194
99 230
99 236
99 373
99 401
99 448
99 481
99 700
99 995
100 135
100 218
100 308
100 340
100 432
100 435
100 566
100 828
100 857
100 921
101 425
101 609
101 848
101 869
102 109
102 146
102 188
102 216
102 319
102 372
102 552
102 644
102 719
102 808
102 870
102 950
103 362
103 535
103 660
103 801
103 967
104 339
104 343
104 386
104 503
104 524
104 838
104 900
105 113
105 185
105 198
105 268
105 297
105 401
105 444
105 551
105 739
105 778
106 120
106 129
106 262
106 779
106 801
106 803
106 906
107 117
107 131
107 156
107 193
107 252
107 271
107 290
107 301
107 325
107 493
107 536
107 609
107 634
107 744
107 795
107 847
107 860
107 937
108 172
108 176
108 247
108 283
108 519
108 571
108 577
108 599
108 626
108 631
108 754
108 785
108 816
108 859
109 171
109 278
109 433
109 478
109 585
109 720
109 815
110 155
110 160
110 193
110 222
110 245
110 396
110 453
110 456
110 535
110 659
110 800
110 895
111 175
111 186
111 192
111 206
111 215
111 234
111 324
111 364
111 427
111 527
111 536
111 558
111 630
111 649
111 705
111 710
111 783
111 912
112 119
112 139
112 165
112 172
112 239
112 240
112 252
112 284
112 346
112 495
112 548
112 646
112 653
112 667
112 766
112 916
112 977
113 134
113 272
113 314
113 327
113 329
113 443
113 561
113 595
113 816
113 818
113 942
114 125
114 165
114 202
114 204
114 272
114 286
114 298
114 334
114 398
114 422
114 550
114 558
114 601
114 623
114 629
114 650
114 709
114 723
114 737
114 745
114 747
114 774
114 792
114 797
114 801
114 832
114 842
114 879
115 187
115 188
115 317
115 322
115 419
115 452
115 699
115 845
116 326
116 383
116 949
117 206
117 215
117 295
117 368
117 406
117 564
117 635
117 661
117 774
117 775
117 805
117 857
118 184
118 424
118 867
118 906
119 181
119 250
119 297
119 354
119 575
119 690
120 157
120 186
120 267
120 274
120 337
120 461
120 653
120 770
120 843
120 872
121 130
121 237
121 263
121 415
121 584
121 753
122 157
122 161
122 184
122 219
122 253
122 423
122 480
122 608
122 728
122 772
122 837
122 913
122 922
123 203
123 236
123 277
123 302
123 347
123 409
123 669
123 777
123 863
123 869
124 160
124 200
124 219
124 279
124 316
124 431
124 438
124 440
124 463
124 513
124 552
124 722
124 729
124 771
125 138
125 142
125 173
125 198
125 233
125 291
125 411
125 486
125 531
125 919
126 220
126 449
126 690
126 764
126 949
126 964
127 212
127 307
127 378
127 934
127 973
128 130
128 156
128 167
128 287
128 296
128 299
128 549
128 645
128 733
128 734
128 882
128 934
128 972
129 131
129 191
129 204
129 259
129 642
129 845
129 887
130 164
130 176
130 256
130 259
130 307
130 369
130 428
130 592
130 777
130 782
131 190
131 267
131 387
131 418
131 462
131 493
131 668
131 885
131 942
132 859
133 135
133 136
133 153
133 196
133 213
133 229
133 260
133 296
133 323
133 335
133 344
133 551
133 723
133 726
133 789
133 852
133 879
134 196
134 281
134 336
134 439
134 474
134 711
134 840
134 852
135 207
135 211
135 301
135 351
135 388
135 393
135 414
135 507
135 902
136 197
136 207
136 234
136 294
136 413
136 513
136 636
136 917
137 442
137 698
137 731
137 764
137 963
138 180
138 439
138 706
138 838
138 932
138 979
139 243
139 258
139 403
139 568
139 664
140 161
140 173
140 213
140 215
140 223
140 302
140 439
140 466
140 480
140 689
140 855
140 884
140 950
141 155
141 170
141 228
141 346
141 440
141 444
141 488
141 509
141 542
141 757
141 839
141 877
141 936
142 192
142 335
142 487
142 668
142 760
142 861
143 148
143 154
143 198
143 199
143 217
143 343
143 370
143 416
143 454
143 538
143 809
143 866
143 883
143 944
144 415
144 531
144 759
144 817
145 349
145 395
145 727
146 216
146 224
146 226
146 246
146 412
146 492
146 554
146 581
146 607
146 670
146 685
146 835
146 867
146 875
146 957
147 187
147 235
147 282
147 309
147 431
147 511
147 724
147 807
148 197
148 209
148 224
148 310
148 363
148 413
148 449
148 464
148 515
148 527
148 670
148 749
148 963
149 199
149 234
149 272
149 294
149 412
149 427
149 455
149 747
149 784
149 821
149 971
150 187
150 682
150 966
151 164
151 347
151 447
151 471
151 520
151 596
151 927
152 162
152 262
152 333
152 513
152 540
152 684
152 879
153 574
153 691
153 935
154 239
154 288
154 318
154 394
154 468
154 569
154 655
154 748
154 935
155 239
155 437
155 591
155 668
156 240
156 421
157 170
157 244
157 310
157 735
157 851
157 875
158 171
158 284
158 285
158 479
158 557
158 655
158 713
158 756
158 975
159 247
159 260
159 341
159 434
159 453
159 492
159 524
159 556
159 746
159 916
159 939
160 370
161 184
161 203
161 326
161 587
161 613
161 646
161 750
161 814
161 820
161 841
161 844
161 870
161 872
162 173
162 451
163 241
163 258
163 413
163 561
163 585
163 710
163 776
163 880
164 226
164 358
164 408
164 562
164 631
164 670
164 948
164 959
165 210
165 419
165 558
165 583
165 656
165 889
166 306
166 343
166 591
166 612
166 640
166 696
166 867
166 930
166 957
167 181
167 316
167 400
167 461
167 644
167 757
167 859
168 191
168 193
168 374
168 514
168 628
168 662
168 738
168 743
168 862
168 865
168 988
169 208
169 444
169 706
170 239
170 394
170 417
170 581
170 854
171 390
171 420
171 490
171 675
171 883
171 914
172 694
172 993
173 247
173 438
173 569
173 580
173 999
174 236
174 378
174 605
174 697
175 498
175 562
176 200
176 337
176 338
176 388
177 187
177 278
177 437
177 560
177 630
177 644
177 686
177 745
177 941
178 238
178 274
178 330
178 520
178 691
178 746
179 761
180 208
180 212
180 350
180 601
182 275
182 342
182 430
182 448
182 896
182 996
183 195
183 276
183 814
183 818
183 921
183 982
184 227
184 397
184 504
184 678
184 714
184 808
185 189
185 336
185 338
185 394
185 501
185 536
185 692
185 792
186 248
186 283
186 297
186 333
186 369
186 414
186 419
186 425
186 483
186 499
186 551
186 737
186 809
186 870
187 247
187 426
188 225
188 429
188 511
188 512
189 222
189 232
189 284
189 310
189 369
189 401
189 434
189 447
189 487
189 899
189 989
190 198
190 490
190 677
190 716
191 232
191 323
191 404
191 595
191 800
191 867
192 200
192 232
192 237
192 265
192 289
192 313
192 396
192 532
192 589
192 595
192 627
192 994
193 195
193 233
193 318
193 355
193 632
193 654
193 953
193 963
194 241
194 295
194 313
194 332
194 372
194 394
194 396
194 412
194 461
194 469
194 526
194 547
194 681
194 759
194 896
194 902
195 285
195 303
195 385
195 755
195 829
195 928
196 322
196 399
196 436
196 491
196 535
196 546
196 603
196 657
196 688
196 728
196 738
196 766
196 849
197 242
197 263
197 277
197 382
197 410
197 482
197 598
197 847
197 874
197 922
198 296
198 565
198 799
198 818
199 225
199 231
199 258
199 337
199 506
199 534
199 558
199 595
199 700
199 922
199 967
199 981
200 497
201 244
201 352
201 593
201 684
201 819
201 907
202 348
202 674
202 1000
203 245
203 281
203 392
203 402
203 527
203 529
203 725
203 815
203 848
204 535
204 676
204 894
205 293
205 332
205 602
205 652
205 793
205 988
206 218
206 243
206 389
206 703
206 753
206 833
206 841
206 977
207 211
207 324
207 395
207 512
207 514
207 607
207 824
208 371
208 399
208 447
208 559
208 690
209 263
209 315
209 414
209 461
209 528
209 537
209 665
210 219
210 220
210 331
210 423
210 456
210 489
210 511
210 981
211 344
211 360
211 405
211 472
211 500
211 720
211 767
211 787
211 848
212 272
212 289
212 578
212 582
212 586
212 662
212 832
212 880
212 919
212 941
213 253
213 274
213 352
213 687
214 766
215 262
215 353
215 517
215 525
215 905
216 282
216 424
216 966
217 225
217 283
217 321
217 377
217 433
217 532
217 577
217 699
217 796
217 875
218 244
218 277
218 873
218 983
218 996
219 236
219 255
219 285
219 430
219 459
219 919
219 967
220 226
220 263
220 271
220 353
220 404
220 534
220 564
220 601
220 678
220 697
220 775
220 827
220 841
221 271
221 311
221 360
221 620
221 847
221 930
222 477
222 569
222 976
223 275
223 325
223 363
223 384
223 410
223 421
223 442
223 620
223 633
223 717
223 793
223 876
223 978
225 288
225 404
225 646
225 742
225 959
226 359
226 482
226 516
226 570
227 368
227 567
227 604
227 743
227 775
227 783
227 913
228 230
228 248
228 250
228 279
228 441
228 575
228 981
229 266
229 271
229 787
229 806
230 280
230 291
230 292
230 336
230 386
230 426
230 472
230 554
230 590
230 638
230 779
231 357
231 447
231 473
231 499
231 524
231 737
232 242
232 328
232 330
232 342
232 375
232 530
232 538
232 693
232 848
232 899
233 266
233 408
234 375
234 571
234 781
235 259
235 317
235 340
235 478
235 484
235 576
235 716
235 924
235 951
235 954
235 992
236 307
236 308
236 339
236 358
236 496
236 500
236 538
236 636
236 729
236 938
237 865
238 483
238 601
238 701
238 748
239 418
239 634
239 711
239 870
240 290
240 321
240 810
240 964
241 298
241 393
241 413
241 520
241 605
241 745
241 887
242 279
242 376
242 434
242 502
242 563
242 600
242 623
242 641
242 825
242 862
243 294
243 323
243 431
243 568
243 596
243 724
243 732
243 736
243 830
243 971
244 264
244 347
245 312
245 526
245 836
246 795
246 896
247 389
247 466
247 505
248 570
249 252
249 255
249 555
249 658
249 761
249 823
250 482
250 748
250 777
250 916
250 980
251 495
251 604
251 799
251 931
252 284
252 300
252 311
252 358
252 371
252 383
252 584
252 660
252 734
253 291
253 302
253 376
253 398
253 516
253 565
253 573
253 656
253 677
253 791
253 842
253 900
253 929
254 331
254 345
254 361
254 412
254 631
254 645
254 714
254 730
254 878
254 961
254 968
254 982
255 277
255 278
255 434
255 463
255 519
255 671
255 726
255 805
256 274
256 344
256 358
256 641
256 723
257 275
257 381
257 638
257 721
258 548
258 688
258 790
258 882
259 410
259 672
259 711
259 719
259 727
259 743
260 281
260 391
260 473
260 481
260 758
260 915
260 951
260 991
261 281
261 365
261 377
261 425
261 443
261 510
261 751
261 899
261 999
262 405
262 864
262 879
263 339
263 425
263 446
263 515
263 574
263 633
263 698
263 754
263 862
263 943
263 959
264 321
264 485
264 683
264 711
264 712
264 960
265 467
265 657
266 441
266 713
266 909
266 967
267 339
267 353
267 479
267 503
267 611
267 650
268 307
268 356
268 409
268 679
268 768
268 950
268 963
269 335
269 871
270 321
270 502
270 624
270 686
270 757
271 611
271 840
271 880
271 899
272 282
272 680
272 796
273 897
273 903
273 970
274 429
274 483
274 531
274 692
274 707
274 804
274 923
274 962
275 328
275 671
275 912
276 377
276 392
276 480
277 344
277 383
277 574
277 843
278 325
278 332
278 428
278 448
278 518
278 579
278 811
279 592
279 773
279 833
280 384
280 766
280 849
280 944
281 304
281 309
281 379
281 384
281 429
281 497
281 543
281 722
282 341
282 350
282 375
282 382
282 488
282 926
283 302
283 304
283 824
283 874
284 615
284 985
285 289
285 336
285 381
285 392
285 437
285 466
285 470
285 495
285 745
285 871
285 956
286 369
286 370
286 422
286 562
286 592
286 633
286 665
286 830
286 838
286 993
286 994
287 332
287 476
287 858
287 908
288 294
288 301
288 303
288 305
288 314
288 371
288 373
288 552
288 703
288 853
288 863
288 914
289 457
291 484
291 498
291 619
291 740
291 963
292 366
292 402
292 752
293 663
294 356
294 400
294 465
294 496
294 555
295 297
295 311
295 329
295 454
295 458
295 570
295 783
295 784
296 299
296 331
296 451
296 529
296 667
296 727
296 740
296 789
296 821
296 862
297 399
297 738
298 340
298 719
298 769
299 385
299 545
299 734
299 754
299 786
300 325
300 421
300 643
300 809
300 818
300 826
300 831
301 633
301 712
301 836
303 507
303 665
303 839
304 325
304 388
304 432
304 470
304 473
304 677
304 961
305 800
305 995
307 391
307 407
307 471
307 769
307 895
308 445
308 533
308 569
308 675
308 761
308 778
308 942
309 464
309 499
309 571
310 357
310 450
310 543
310 588
310 744
310 873
311 320
311 478
311 481
311 656
311 710
311 925
311 964
312 549
312 684
312 811
312 840
312 918
312 966
313 451
313 467
313 764
313 837
313 932
314 428
314 580
314 599
314 639
315 468
315 903
316 526
316 728
316 910
317 465
317 704
317 725
318 860
319 820
320 384
321 420
321 927
321 931
322 663
322 815
323 417
323 528
323 537
323 556
323 627
323 637
323 751
323 783
323 787
324 438
324 798
324 905
325 525
325 596
325 612
326 908
327 544
327 620
327 811
327 846
327 988
328 364
328 605
328 693
328 785
328 995
329 350
329 374
329 856
330 438
330 788
331 354
331 628
331 690
331 853
332 522
332 612
333 342
333 375
333 396
333 550
333 660
334 345
334 490
334 530
334 545
334 833
335 501
335 975
336 831
336 920
338 349
338 436
338 457
338 466
338 522
338 588
338 638
338 826
338 828
339 355
339 403
339 416
339 453
339 518
339 523
339 588
339 640
339 827
339 828
339 928
339 965
339 968
340 515
340 897
340 913
341 625
341 672
341 733
341 927
342 390
342 397
342 453
342 545
343 474
344 368
344 482
344 548
344 593
344 779
344 986
345 633
345 827
345 992
346 390
346 605
346 625
347 731
347 820
348 418
348 587
349 701
349 900
350 401
350 403
350 502
350 518
350 714
350 715
350 756
350 780
351 416
351 426
351 614
351 729
352 381
352 485
353 379
353 421
353 861
354 642
355 604
355 636
356 637
357 361
357 612
357 658
357 886
358 479
358 656
358 939
359 433
359 463
359 566
359 823
360 445
361 387
361 418
361 909
362 472
362 778
363 409
363 440
363 544
363 605
363 991
364 841
364 954
366 367
366 510
366 521
366 552
366 568
366 648
366 672
366 710
366 917
366 932
367 560
367 965
368 596
368 611
368 902
368 955
368 992
369 516
369 542
369 744
369 858
369 883
370 772
371 503
371 718
372 417
372 424
372 591
373 643
374 717
374 760
374 894
374 983
375 399
375 406
375 407
375 486
375 557
375 603
375 608
378 855
379 825
380 861
381 653
381 837
382 810
383 526
383 769
383 911
383 951
383 996
384 434
384 446
384 561
384 606
385 497
385 534
385 561
385 612
385 614
385 682
385 685
385 770
385 945
386 712
386 762
386 990
387 443
387 466
387 898
388 729
389 566
389 599
389 935
391 533
392 622
392 856
392 918
394 498
394 677
394 691
394 807
395 596
395 597
395 632
395 693
395 696
395 970
396 508
396 582
397 450
397 560
398 488
398 493
398 756
399 426
399 455
400 416
400 498
400 647
400 994
401 603
401 620
401 771
401 926
402 453
402 460
402 572
402 712
403 643
404 515
404 718
404 866
405 457
405 606
405 767
405 947
406 577
406 750
409 420
410 644
410 862
411 652
411 664
411 676
412 683
413 468
413 705
413 835
414 456
414 712
414 897
415 492
415 549
415 559
415 829
416 701
417 432
417 621
417 837
418 504
418 647
418 980
419 565
419 578
419 647
419 736
419 741
419 763
419 860
419 939
419 940
420 458
420 469
421 435
421 881
421 912
422 543
423 505
423 576
423 736
423 903
423 938
423 949
424 499
424 838
425 584
425 637
425 998
425 1000
427 563
427 843
428 619
428 772
428 844
429 549
429 553
429 733
429 977
430 464
431 493
431 550
431 664
431 715
431 800
432 510
432 583
432 837
433 891
433 976
434 461
435 616
435 639
435 682
435 715
436 665
436 846
437 678
437 772
437 833
437 858
438 812
439 700
439 971
441 769
443 452
443 521
443 865
443 961
444 478
444 554
445 473
445 490
445 607
445 664
445 687
445 814
445 943
445 969
446 532
446 785
446 808
446 880
446 944
447 450
447 528
447 579
447 593
447 723
448 561
448 883
448 890
448 972
449 496
449 598
449 982
451 765
452 459
452 470
452 494
453 610
453 704
454 465
454 479
455 493
455 672
455 750
455 985
456 532
456 581
456 602
456 658
456 979
457 465
458 989
459 639
460 638
460 661
460 816
461 607
461 795
461 848
462 695
462 752
464 760
465 475
465 662
465 698
465 969
466 563
466 864
467 616
467 802
467 853
469 562
470 688
470 758
470 951
471 495
471 501
471 554
471 592
471 931
471 948
472 575
473 564
474 483
474 503
474 742
474 939
475 881
476 514
476 594
476 930
477 773
478 578
478 666
478 863
479 481
480 618
480 683
481 512
482 850
483 681
483 741
485 572
486 770
486 954
487 557
487 817
489 641
489 648
489 889
490 685
491 649
493 529
493 744
493 993
494 649
494 704
494 953
496 525
496 586
497 508
498 586
498 732
499 508
499 509
499 651
499 658
499 763
499 894
500 553
500 634
500 649
500 688
500 791
501 506
501 546
501 756
501 844
501 883
502 760
502 861
502 884
503 506
503 590
503 809
503 911
505 544
505 587
505 882
505 969
506 698
508 897
509 598
509 798
509 965
510 579
510 635
510 772
510 955
511 630
511 661
511 781
511 852
512 666
513 979
515 656
515 725
515 755
515 886
516 527
516 702
516 794
516 873
517 580
517 624
517 773
517 812
517 847
517 863
518 627
518 936
518 991
520 532
520 673
520 676
520 903
520 904
521 615
521 640
522 708
522 743
522 780
523 679
524 870
525 632
525 670
526 615
526 965
526 974
527 645
528 541
528 635
528 691
529 823
529 866
529 872
529 937
530 536
530 648
531 640
531 725
531 904
531 945
531 952
532 572
533 540
533 641
533 716
533 877
534 793
534 968
534 999
536 709
536 790
536 858
536 946
537 710
538 703
538 752
538 823
538 824
539 764
539 844
540 593
540 747
540 810
540 900
541 671
542 924
543 611
543 771
544 599
544 982
547 616
548 636
548 749
548 884
549 874
551 585
551 973
553 583
553 585
553 680
553 697
554 867
554 888
555 618
555 663
556 576
556 819
556 830
557 853
558 705
559 654
559 657
560 643
561 768
561 794
561 802
561 876
562 715
562 789
562 793
562 842
562 958
563 826
564 855
564 892
564 987
565 600
566 920
566 921
566 961
567 602
567 749
568 611
568 689
568 975
569 692
572 617
572 700
573 628
574 818
575 777
575 790
575 878
576 637
577 697
577 833
577 968
578 635
579 699
579 761
579 798
579 871
579 938
580 983
583 806
585 651
585 679
588 759
588 888
588 993
589 738
593 606
593 787
594 732
594 752
594 792
595 619
595 622
595 702
598 830
599 851
600 637
601 639
601 911
601 952
602 613
602 797
602 808
603 683
603 755
603 855
605 646
605 773
609 851
609 885
611 805
611 904
611 933
612 742
612 966
614 901
615 629
616 874
618 623
618 644
618 891
618 907
618 927
619 668
619 810
619 875
619 956
620 681
620 720
621 776
623 776
623 868
623 887
628 673
628 760
628 856
628 888
629 713
629 822
629 825
629 969
630 894
630 933
630 992
631 740
631 857
631 893
633 804
633 885
635 798
637 645
637 699
637 732
638 983
639 813
641 773
641 915
641 929
642 975
643 819
644 861
645 792
645 804
645 990
646 724
651 694
652 713
652 860
654 890
655 819
655 998
656 723
656 946
657 689
657 832
658 722
659 667
661 843
664 873
666 926
667 735
667 918
669 689
669 840
671 939
672 714
674 866
674 936
679 871
680 922
682 774
683 722
684 919
685 791
688 696
688 750
688 821
688 925
689 850
689 952
690 704
690 733
690 976
691 782
691 962
692 754
692 944
693 765
693 845
693 869
693 954
696 746
696 849
697 738
701 726
704 715
704 717
704 758
704 944
706 871
708 900
708 909
708 960
710 984
714 946
715 730
715 950
716 765
716 781
716 934
717 864
718 924
719 923
720 733
720 915
720 970
723 751
723 759
724 829
724 854
727 816
727 893
727 904
727 927
729 795
729 822
732 807
732 950
736 780
737 813
737 984
738 859
740 929
742 941
743 881
744 810
744 937
746 799
747 856
747 953
748 769
748 839
748 926
749 763
749 839
749 936
752 932
753 841
757 797
764 832
765 847
766 794
769 776
769 781
769 922
771 898
773 849
774 782
780 972
782 920
783 988
784 877
788 839
788 914
790 821
799 947
800 829
801 820
801 917
807 917
808 901
808 986
811 918
815 929
817 957
819 987
820 850
820 974
823 961
824 868
824 916
826 865
826 978
828 958
837 891
839 873
840 886
841 925
844 911
847 935
848 993
849 863
850 896
851 877
851 929
851 947
851 973
852 899
855 911
859 978
860 890
862 904
862 926
864 960
871 884
871 964
875 949
879 986
880 990
882 945
883 952
893 946
897 902
899 931
900 918
900 943
903 908
909 985
915 954
917 940
919 955
922 983
924 938
926 978
936 958
938 965
946 960
947 997
948 992
949 957
956 984
969 989
970 991
973 979
995 1000
