200 950
1 2
1 3
1 4
1 5
1 6
1 7
1 8
1 9
1 10
2 3
2 4
2 5
2 6
2 7
2 8
2 9
2 10
3 4
3 5
3 6
3 7
3 8
3 9
3 10
3 159
4 5
4 6
4 7
4 8
4 9
4 10
4 163
5 6
5 7
5 8
5 9
5 10
6 7
6 8
6 9
6 10
7 8
7 9
7 10
7 30
8 9
8 10
9 10
10 151
10 197
11 12
11 13
11 14
11 15
11 16
11 17
11 18
11 19
11 20
11 27
12 13
12 14
12 15
12 16
12 17
12 18
12 19
12 20
13 14
13 15
13 16
13 17
13 18
13 19
13 20
13 190
14 15
14 16
14 17
14 18
14 19
14 20
15 16
15 17
15 18
15 19
15 20
16 17
16 18
16 19
16 20
16 80
17 18
17 19
17 20
17 103
18 19
18 20
19 20
19 186
21 22
21 23
21 24
21 25
21 26
21 27
21 28
21 29
21 30
22 23
22 24
22 25
22 26
22 27
22 28
22 29
22 30
23 24
23 25
23 26
23 27
23 28
23 29
23 30
24 25
24 26
24 27
24 28
24 29
24 30
24 88
25 26
25 27
25 28
25 29
25 30
26 27
26 28
26 29
26 30
27 28
27 29
27 30
27 81
28 29
28 30
29 30
29 177
31 32
31 33
31 34
31 35
31 36
31 37
31 38
31 39
31 40
32 33
32 34
32 35
32 36
32 37
32 38
32 39
32 40
33 34
33 35
33 36
33 37
33 38
33 39
33 40
34 35
34 36
34 37
34 38
34 39
34 40
34 43
34 130
35 36
35 37
35 38
35 39
35 40
36 37
36 38
36 39
36 40
36 75
36 88
37 38
37 39
37 40
37 52
38 39
38 40
39 40
41 42
41 43
41 44
41 45
41 46
41 47
41 48
41 49
41 50
41 171
41 137
42 43
42 44
42 45
42 46
42 47
42 48
42 49
42 50
43 44
43 45
43 46
43 47
43 48
43 49
43 50
43 194
44 45
44 46
44 47
44 48
44 49
44 50
45 46
45 47
45 48
45 49
45 50
45 174
46 47
46 48
46 49
46 50
47 48
47 49
47 50
47 59
48 49
48 50
49 50
50 141
51 52
51 53
51 54
51 55
51 56
51 57
51 58
51 59
51 60
52 53
52 54
52 55
52 56
52 57
52 58
52 59
52 60
52 177
53 54
53 55
53 56
53 57
53 58
53 59
53 60
53 146
54 55
54 56
54 57
54 58
54 59
54 60
55 56
55 57
55 58
55 59
55 60
56 57
56 58
56 59
56 60
57 58
57 59
57 60
57 65
58 59
58 60
59 60
61 62
61 63
61 64
61 65
61 66
61 67
61 68
61 69
61 70
62 63
62 64
62 65
62 66
62 67
62 68
62 69
62 70
62 145
63 64
63 65
63 66
63 67
63 68
63 69
63 70
64 65
64 66
64 67
64 68
64 69
64 70
65 66
65 67
65 68
65 69
65 70
65 150
66 67
66 68
66 69
66 70
67 68
67 69
67 70
68 69
68 70
69 70
69 122
71 72
71 73
71 74
71 75
71 76
71 77
71 78
71 79
71 80
72 73
72 74
72 75
72 76
72 77
72 78
72 79
72 80
73 74
73 75
73 76
73 77
73 78
73 79
73 80
74 75
74 76
74 77
74 78
74 79
74 80
75 76
75 77
75 78
75 79
75 80
76 77
76 78
76 79
76 80
77 78
77 79
77 80
78 79
78 80
78 117
79 80
81 82
81 83
81 84
81 85
81 86
81 87
81 88
81 89
81 90
81 116
82 83
82 84
82 85
82 86
82 87
82 88
82 89
82 90
83 84
83 85
83 86
83 87
83 88
83 89
83 90
83 111
84 85
84 86
84 87
84 88
84 89
84 90
85 86
85 87
85 88
85 89
85 90
86 87
86 88
86 89
86 90
87 88
87 89
87 90
88 89
88 90
89 90
91 92
91 93
91 94
91 95
91 96
91 97
91 98
91 99
91 100
91 103
92 93
92 94
92 95
92 96
92 97
92 98
92 99
92 100
93 94
93 95
93 96
93 97
93 98
93 99
93 100
94 95
94 96
94 97
94 98
94 99
94 100
95 96
95 97
95 98
95 99
95 100
95 182
96 97
96 98
96 99
96 100
97 98
97 99
97 100
98 99
98 100
98 184
99 100
100 183
101 102
101 103
101 104
101 105
101 106
101 107
101 108
101 109
101 110
102 103
102 104
102 105
102 106
102 107
102 108
102 109
102 110
102 160
103 104
103 105
103 106
103 107
103 108
103 109
103 110
104 105
104 106
104 107
104 108
104 109
104 110
105 106
105 107
105 108
105 109
105 110
106 107
106 108
106 109
106 110
107 108
107 109
107 110
107 113
108 109
108 110
109 110
109 142
111 112
111 113
111 114
111 115
111 116
111 117
111 118
111 119
111 120
112 113
112 114
112 115
112 116
112 117
112 118
112 119
112 120
113 114
113 115
113 116
113 117
113 118
113 119
113 120
114 115
114 116
114 117
114 118
114 119
114 120
115 116
115 117
115 118
115 119
115 120
115 190
116 117
116 118
116 119
116 120
117 118
117 119
117 120
118 119
118 120
119 120
119 194
121 122
121 123
121 124
121 125
121 126
121 127
121 128
121 129
121 130
121 160
122 123
122 124
122 125
122 126
122 127
122 128
122 129
122 130
123 124
123 125
123 126
123 127
123 128
123 129
123 130
124 125
124 126
124 127
124 128
124 129
124 130
125 126
125 127
125 128
125 129
125 130
125 151
126 127
126 128
126 129
126 130
127 128
127 129
127 130
128 129
128 130
129 130
131 132
131 133
131 134
131 135
131 136
131 137
131 138
131 139
131 140
132 133
132 134
132 135
132 136
132 137
132 138
132 139
132 140
133 134
133 135
133 136
133 137
133 138
133 139
133 140
134 135
134 136
134 137
134 138
134 139
134 140
135 136
135 137
135 138
135 139
135 140
136 137
136 138
136 139
136 140
136 174
137 138
137 139
137 140
138 139
138 140
139 140
141 142
141 143
141 144
141 145
141 146
141 147
141 148
141 149
141 150
142 143
142 144
142 145
142 146
142 147
142 148
142 149
142 150
143 144
143 145
143 146
143 147
143 148
143 149
143 150
144 145
144 146
144 147
144 148
144 149
144 150
145 146
145 147
145 148
145 149
145 150
146 147
146 148
146 149
146 150
146 187
147 148
147 149
147 150
148 149
148 150
149 150
151 152
151 153
151 154
151 155
151 156
151 157
151 158
151 159
151 160
152 153
152 154
152 155
152 156
152 157
152 158
152 159
152 160
153 154
153 155
153 156
153 157
153 158
153 159
153 160
154 155
154 156
154 157
154 158
154 159
154 160
155 156
155 157
155 158
155 159
155 160
156 157
156 158
156 159
156 160
157 158
157 159
157 160
157 176
158 159
158 160
158 168
159 160
161 162
161 163
161 164
161 165
161 166
161 167
161 168
161 169
161 170
162 163
162 164
162 165
162 166
162 167
162 168
162 169
162 170
163 164
163 165
163 166
163 167
163 168
163 169
163 170
163 176
164 165
164 166
164 167
164 168
164 169
164 170
164 186
165 166
165 167
165 168
165 169
165 170
166 167
166 168
166 169
166 170
167 168
167 169
167 170
168 169
168 170
169 170
171 172
171 173
171 174
171 175
171 176
171 177
171 178
171 179
171 180
172 173
172 174
172 175
172 176
172 177
172 178
172 179
172 180
173 174
173 175
173 176
173 177
173 178
173 179
173 180
174 175
174 176
174 177
174 178
174 179
174 180
175 176
175 177
175 178
175 179
175 180
176 177
176 178
176 179
176 180
177 178
177 179
177 180
178 179
178 180
179 180
181 182
181 183
181 184
181 185
181 186
181 187
181 188
181 189
181 190
182 183
182 184
182 185
182 186
182 187
182 188
182 189
182 190
183 184
183 185
183 186
183 187
183 188
183 189
183 190
184 185
184 186
184 187
184 188
184 189
184 190
185 186
185 187
185 188
185 189
185 190
186 187
186 188
186 189
186 190
187 188
187 189
187 190
188 189
188 190
189 190
191 192
191 193
191 194
191 195
191 196
191 197
191 198
191 199
191 200
192 193
192 194
192 195
192 196
192 197
192 198
192 199
192 200
193 194
193 195
193 196
193 197
193 198
193 199
193 200
194 195
194 196
194 197
194 198
194 199
194 200
195 196
195 197
195 198
195 199
195 200
196 197
196 198
196 199
196 200
197 198
197 199
197 200
198 199
198 200
199 200
