150 1070
1 2
1 3
1 4
1 5
1 6
1 7
1 8
1 9
1 10
1 11
1 12
1 13
1 14
1 15
1 126
2 3
2 4
2 5
2 6
2 7
2 8
2 9
2 10
2 11
2 12
2 13
2 14
2 15
3 4
3 5
3 6
3 7
3 8
3 9
3 10
3 11
3 12
3 13
3 14
3 15
4 5
4 6
4 7
4 8
4 9
4 10
4 11
4 12
4 13
4 14
4 15
5 6
5 7
5 8
5 9
5 10
5 11
5 12
5 13
5 14
5 15
6 7
6 8
6 9
6 10
6 11
6 12
6 13
6 14
6 15
7 8
7 9
7 10
7 11
7 12
7 13
7 14
7 15
8 9
8 10
8 11
8 12
8 13
8 14
8 15
8 30
9 10
9 11
9 12
9 13
9 14
9 15
10 11
10 12
10 13
10 14
10 15
10 139
11 12
11 13
11 14
11 15
11 48
12 13
12 14
12 15
12 58
13 14
13 15
13 17
14 15
15 74
16 17
16 18
16 19
16 20
16 21
16 22
16 23
16 24
16 25
16 26
16 27
16 28
16 29
16 30
17 18
17 19
17 20
17 21
17 22
17 23
17 24
17 25
17 26
17 27
17 28
17 29
17 30
18 19
18 20
18 21
18 22
18 23
18 24
18 25
18 26
18 27
18 28
18 29
18 30
18 61
19 20
19 21
19 22
19 23
19 24
19 25
19 26
19 27
19 28
19 29
19 30
20 21
20 22
20 23
20 24
20 25
20 26
20 27
20 28
20 29
20 30
21 22
21 23
21 24
21 25
21 26
21 27
21 28
21 29
21 30
21 32
22 23
22 24
22 25
22 26
22 27
22 28
22 29
22 30
23 24
23 25
23 26
23 27
23 28
23 29
23 30
23 104
24 25
24 26
24 27
24 28
24 29
24 30
25 26
25 27
25 28
25 29
25 30
26 27
26 28
26 29
26 30
27 28
27 29
27 30
28 29
28 30
29 30
29 67
31 32
31 33
31 34
31 35
31 36
31 37
31 38
31 39
31 40
31 41
31 42
31 43
31 44
31 45
32 33
32 34
32 35
32 36
32 37
32 38
32 39
32 40
32 41
32 42
32 43
32 44
32 45
33 34
33 35
33 36
33 37
33 38
33 39
33 40
33 41
33 42
33 43
33 44
33 45
34 35
34 36
34 37
34 38
34 39
34 40
34 41
34 42
34 43
34 44
34 45
35 36
35 37
35 38
35 39
35 40
35 41
35 42
35 43
35 44
35 45
36 37
36 38
36 39
36 40
36 41
36 42
36 43
36 44
36 45
37 38
37 39
37 40
37 41
37 42
37 43
37 44
37 45
38 39
38 40
38 41
38 42
38 43
38 44
38 45
39 40
39 41
39 42
39 43
39 44
39 45
40 41
40 42
40 43
40 44
40 45
41 42
41 43
41 44
41 45
42 43
42 44
42 45
43 44
43 45
44 45
46 47
46 48
46 49
46 50
46 51
46 52
46 53
46 54
46 55
46 56
46 57
46 58
46 59
46 60
46 111
47 48
47 49
47 50
47 51
47 52
47 53
47 54
47 55
47 56
47 57
47 58
47 59
47 60
48 49
48 50
48 51
48 52
48 53
48 54
48 55
48 56
48 57
48 58
48 59
48 60
49 50
49 51
49 52
49 53
49 54
49 55
49 56
49 57
49 58
49 59
49 60
50 51
50 52
50 53
50 54
50 55
50 56
50 57
50 58
50 59
50 60
51 52
51 53
51 54
51 55
51 56
51 57
51 58
51 59
51 60
52 53
52 54
52 55
52 56
52 57
52 58
52 59
52 60
52 67
53 54
53 55
53 56
53 57
53 58
53 59
53 60
54 55
54 56
54 57
54 58
54 59
54 60
55 56
55 57
55 58
55 59
55 60
56 57
56 58
56 59
56 60
56 123
57 58
57 59
57 60
58 59
58 60
58 77
59 60
61 62
61 63
61 64
61 65
61 66
61 67
61 68
61 69
61 70
61 71
61 72
61 73
61 74
61 75
62 63
62 64
62 65
62 66
62 67
62 68
62 69
62 70
62 71
62 72
62 73
62 74
62 75
63 64
63 65
63 66
63 67
63 68
63 69
63 70
63 71
63 72
63 73
63 74
63 75
64 65
64 66
64 67
64 68
64 69
64 70
64 71
64 72
64 73
64 74
64 75
64 112
65 66
65 67
65 68
65 69
65 70
65 71
65 72
65 73
65 74
65 75
66 67
66 68
66 69
66 70
66 71
66 72
66 73
66 74
66 75
67 68
67 69
67 70
67 71
67 72
67 73
67 74
67 75
68 69
68 70
68 71
68 72
68 73
68 74
68 75
69 70
69 71
69 72
69 73
69 74
69 75
70 71
70 72
70 73
70 74
70 75
71 72
71 73
71 74
71 75
72 73
72 74
72 75
73 74
73 75
74 75
76 77
76 78
76 79
76 80
76 81
76 82
76 83
76 84
76 85
76 86
76 87
76 88
76 89
76 90
77 78
77 79
77 80
77 81
77 82
77 83
77 84
77 85
77 86
77 87
77 88
77 89
77 90
78 79
78 80
78 81
78 82
78 83
78 84
78 85
78 86
78 87
78 88
78 89
78 90
78 128
79 80
79 81
79 82
79 83
79 84
79 85
79 86
79 87
79 88
79 89
79 90
80 81
80 82
80 83
80 84
80 85
80 86
80 87
80 88
80 89
80 90
80 94
81 82
81 83
81 84
81 85
81 86
81 87
81 88
81 89
81 90
81 127
82 83
82 84
82 85
82 86
82 87
82 88
82 89
82 90
83 84
83 85
83 86
83 87
83 88
83 89
83 90
84 85
84 86
84 87
84 88
84 89
84 90
85 86
85 87
85 88
85 89
85 90
86 87
86 88
86 89
86 90
87 88
87 89
87 90
88 89
88 90
89 90
91 92
91 93
91 94
91 95
91 96
91 97
91 98
91 99
91 100
91 101
91 102
91 103
91 104
91 105
92 93
92 94
92 95
92 96
92 97
92 98
92 99
92 100
92 101
92 102
92 103
92 104
92 105
93 94
93 95
93 96
93 97
93 98
93 99
93 100
93 101
93 102
93 103
93 104
93 105
94 95
94 96
94 97
94 98
94 99
94 100
94 101
94 102
94 103
94 104
94 105
95 96
95 97
95 98
95 99
95 100
95 101
95 102
95 103
95 104
95 105
96 97
96 98
96 99
96 100
96 101
96 102
96 103
96 104
96 105
97 98
97 99
97 100
97 101
97 102
97 103
97 104
97 105
98 99
98 100
98 101
98 102
98 103
98 104
98 105
99 100
99 101
99 102
99 103
99 104
99 105
100 101
100 102
100 103
100 104
100 105
101 102
101 103
101 104
101 105
102 103
102 104
102 105
103 104
103 105
104 105
106 107
106 108
106 109
106 110
106 111
106 112
106 113
106 114
106 115
106 116
106 117
106 118
106 119
106 120
107 108
107 109
107 110
107 111
107 112
107 113
107 114
107 115
107 116
107 117
107 118
107 119
107 120
108 109
108 110
108 111
108 112
108 113
108 114
108 115
108 116
108 117
108 118
108 119
108 120
109 110
109 111
109 112
109 113
109 114
109 115
109 116
109 117
109 118
109 119
109 120
110 111
110 112
110 113
110 114
110 115
110 116
110 117
110 118
110 119
110 120
111 112
111 113
111 114
111 115
111 116
111 117
111 118
111 119
111 120
112 113
112 114
112 115
112 116
112 117
112 118
112 119
112 120
113 114
113 115
113 116
113 117
113 118
113 119
113 120
114 115
114 116
114 117
114 118
114 119
114 120
115 116
115 117
115 118
115 119
115 120
116 117
116 118
116 119
116 120
117 118
117 119
117 120
118 119
118 120
119 120
120 150
121 122
121 123
121 124
121 125
121 126
121 127
121 128
121 129
121 130
121 131
121 132
121 133
121 134
121 135
122 123
122 124
122 125
122 126
122 127
122 128
122 129
122 130
122 131
122 132
122 133
122 134
122 135
123 124
123 125
123 126
123 127
123 128
123 129
123 130
123 131
123 132
123 133
123 134
123 135
124 125
124 126
124 127
124 128
124 129
124 130
124 131
124 132
124 133
124 134
124 135
125 126
125 127
125 128
125 129
125 130
125 131
125 132
125 133
125 134
125 135
126 127
126 128
126 129
126 130
126 131
126 132
126 133
126 134
126 135
127 128
127 129
127 130
127 131
127 132
127 133
127 134
127 135
128 129
128 130
128 131
128 132
128 133
128 134
128 135
129 130
129 131
129 132
129 133
129 134
129 135
130 131
130 132
130 133
130 134
130 135
131 132
131 133
131 134
131 135
132 133
132 134
132 135
133 134
133 135
134 135
136 137
136 138
136 139
136 140
136 141
136 142
136 143
136 144
136 145
136 146
136 147
136 148
136 149
136 150
137 138
137 139
137 140
137 141
137 142
137 143
137 144
137 145
137 146
137 147
137 148
137 149
137 150
138 139
138 140
138 141
138 142
138 143
138 144
138 145
138 146
138 147
138 148
138 149
138 150
139 140
139 141
139 142
139 143
139 144
139 145
139 146
139 147
139 148
139 149
139 150
140 141
140 142
140 143
140 144
140 145
140 146
140 147
140 148
140 149
140 150
141 142
141 143
141 144
141 145
141 146
141 147
141 148
141 149
141 150
142 143
142 144
142 145
142 146
142 147
142 148
142 149
142 150
143 144
143 145
143 146
143 147
143 148
143 149
143 150
144 145
144 146
144 147
144 148
144 149
144 150
145 146
145 147
145 148
145 149
145 150
146 147
146 148
146 149
146 150
147 148
147 149
147 150
148 149
148 150
149 150
