100 249
1 13
1 19
1 22
1 32
1 69
1 73
2 26
2 37
2 68
2 88
2 89
3 49
3 62
3 85
3 96
4 15
4 25
4 42
4 65
5 18
5 80
5 84
5 99
6 8
6 17
6 23
6 68
6 78
6 87
7 11
7 100
8 35
8 36
8 49
8 53
8 56
8 67
8 71
9 10
9 43
9 44
9 47
9 52
9 55
9 57
9 78
9 82
9 92
10 69
11 28
11 30
11 89
12 27
12 30
12 89
13 32
13 44
13 48
13 59
13 79
13 90
14 18
14 48
14 52
14 92
15 19
16 20
17 32
17 34
17 61
19 22
19 26
19 38
19 57
19 58
19 77
19 82
19 97
20 43
20 55
20 66
20 80
20 99
21 27
21 32
21 68
22 67
22 98
23 36
23 41
23 90
24 44
24 54
24 86
24 100
25 41
25 45
26 43
26 49
26 54
26 59
27 29
27 69
27 72
28 29
28 33
28 43
28 71
29 45
29 73
29 89
30 50
30 95
31 53
31 54
31 74
31 81
32 59
32 67
32 72
32 94
33 39
33 42
33 65
34 55
34 59
34 96
34 99
35 82
35 83
36 49
36 54
36 69
36 71
36 73
36 80
36 100
37 56
38 56
38 92
38 98
39 48
39 57
39 70
39 78
39 91
40 54
40 62
40 79
40 81
40 90
40 97
41 53
41 80
41 90
41 94
42 55
42 63
42 86
42 89
44 67
44 78
44 88
44 94
45 53
45 63
45 69
45 81
46 52
46 57
46 79
46 82
46 89
47 53
47 64
47 66
47 97
48 70
48 75
48 86
48 94
50 85
50 97
50 98
51 61
51 64
51 68
51 71
51 78
51 79
52 64
52 87
52 91
53 59
53 61
53 93
55 56
55 69
57 77
58 60
58 68
58 71
58 91
59 84
60 90
61 68
61 92
61 99
62 71
63 99
66 70
66 88
67 68
67 86
68 69
68 86
68 98
69 75
69 79
69 92
70 84
70 98
71 81
71 83
72 76
72 98
72 99
74 78
74 79
75 91
75 99
76 93
77 81
77 90
78 90
79 89
80 94
81 92
81 95
82 88
85 88
85 90
85 92
87 88
87 95
90 92
91 92
93 100
99 100
