1000 2559
1 160
1 178
1 680
1 719
1 819
2 136
2 320
2 796
2 807
3 15
3 56
3 101
3 159
3 471
3 555
3 601
3 706
3 935
4 33
4 774
5 18
5 245
5 294
5 703
6 17
6 100
6 459
6 495
6 902
7 40
7 44
7 204
7 245
7 298
7 301
7 655
7 893
7 922
8 132
8 227
8 317
8 665
8 684
9 25
9 168
9 247
9 352
9 481
9 590
9 821
9 977
9 981
10 405
10 540
10 629
10 816
11 98
11 679
11 996
12 49
12 107
12 205
12 688
12 790
12 956
13 616
13 799
13 873
13 921
13 930
13 972
14 63
14 186
14 216
14 421
14 797
14 804
15 29
15 372
15 386
15 389
15 433
15 534
15 559
15 630
15 679
15 733
15 789
16 124
16 130
16 333
16 443
16 607
16 703
16 706
16 923
16 980
17 217
17 544
17 914
17 922
17 961
18 95
18 127
18 724
18 772
18 857
18 935
19 169
19 339
19 379
19 408
19 509
20 171
20 243
20 267
20 270
20 513
21 113
21 187
21 237
21 442
21 701
21 843
22 363
22 451
22 602
22 681
23 78
23 302
23 315
23 380
23 488
23 597
23 835
24 110
24 390
24 412
24 797
24 865
25 30
25 623
25 819
26 181
26 188
26 923
26 969
27 112
27 187
27 393
27 466
27 572
27 575
27 808
28 612
28 671
28 762
29 111
29 309
29 505
29 577
29 894
29 951
30 109
30 147
30 203
30 398
30 560
30 610
30 959
31 166
31 240
31 293
31 439
31 502
31 655
32 206
32 250
32 678
32 901
32 980
33 454
34 165
34 205
34 235
34 404
34 743
34 912
34 986
35 663
35 830
35 870
35 897
35 923
36 163
36 185
36 535
36 794
37 141
37 515
37 741
37 885
37 970
37 999
38 646
38 759
38 944
39 436
39 578
39 707
39 738
39 832
39 914
39 975
40 222
40 304
40 440
40 637
40 679
40 694
41 198
41 205
41 648
42 446
42 531
42 928
43 158
43 292
43 348
43 481
43 674
43 740
43 895
44 488
44 555
44 685
44 753
44 765
45 85
45 165
45 381
45 448
45 558
45 732
45 778
46 251
46 558
46 600
46 618
46 661
46 664
47 235
47 240
47 281
47 431
47 766
48 103
48 110
48 242
48 822
49 478
49 573
49 950
49 986
49 990
50 86
50 187
50 287
50 655
51 255
51 269
51 558
51 809
52 310
52 317
52 701
52 937
52 945
52 962
53 147
53 823
53 922
53 953
53 972
54 133
54 267
54 405
55 339
55 388
55 525
55 815
55 824
55 952
56 229
56 390
56 474
56 710
57 71
57 91
57 367
57 376
57 570
57 713
57 758
57 830
58 88
58 258
58 374
58 668
58 691
59 194
59 535
59 610
60 119
60 168
60 214
60 696
60 862
61 102
61 178
61 327
61 557
61 601
61 623
61 973
62 114
62 168
62 327
62 451
62 557
62 654
62 930
62 941
63 327
63 333
63 364
63 397
63 445
63 692
63 897
64 148
64 205
64 847
64 872
65 115
65 280
65 417
65 442
65 676
65 734
65 814
66 119
66 209
66 384
66 675
67 107
68 318
68 655
68 660
68 689
68 708
68 728
68 878
69 344
69 477
69 557
70 98
70 247
70 262
70 643
70 860
70 936
71 982
72 285
72 594
73 107
73 298
73 333
74 92
74 140
74 194
74 317
74 819
74 990
74 991
75 207
75 371
75 428
75 441
75 479
75 494
75 614
75 921
76 106
76 301
76 488
76 685
77 242
77 284
77 632
77 869
77 910
77 934
78 144
78 312
78 445
78 824
78 839
79 303
79 498
79 550
79 866
79 881
79 996
80 384
80 575
80 810
80 872
81 157
81 158
81 399
81 765
82 763
82 902
82 952
83 241
83 514
83 781
83 979
84 217
84 405
84 867
84 958
84 962
85 539
85 926
85 934
86 361
87 277
87 392
87 666
87 779
88 504
89 680
89 775
90 270
90 451
90 736
90 854
91 261
91 422
91 450
91 904
92 94
92 432
92 676
92 858
93 269
93 672
93 689
93 948
94 225
94 302
94 450
94 647
94 726
95 424
95 535
95 652
95 723
95 789
96 360
96 438
96 979
97 273
97 304
97 339
97 352
97 360
97 738
98 355
98 391
98 442
98 727
98 865
99 233
99 283
99 604
99 966
100 205
100 416
100 728
100 876
100 950
101 423
101 536
101 737
101 919
102 201
102 202
102 250
103 224
103 386
103 656
103 782
103 830
103 924
104 214
104 235
104 463
104 536
104 575
104 630
104 634
104 844
105 422
105 641
105 719
105 798
105 865
105 876
105 895
106 679
106 735
106 847
106 974
107 114
107 317
107 683
107 790
107 898
109 127
109 178
109 465
109 797
109 872
109 954
110 245
110 455
110 628
110 700
110 927
111 389
111 624
111 659
111 762
111 948
112 184
112 188
112 543
112 645
112 829
112 900
113 158
113 261
113 414
113 604
113 766
114 626
114 828
114 876
115 138
115 200
115 535
115 714
115 944
116 133
116 202
116 318
116 487
116 579
116 750
116 757
116 759
117 883
119 260
119 486
119 687
120 418
120 462
120 532
120 578
120 664
120 683
121 226
121 269
121 426
121 977
122 608
122 868
122 869
122 884
123 176
123 197
123 244
123 533
123 539
123 618
123 699
124 273
124 388
124 614
124 632
124 741
124 975
124 998
125 709
125 722
126 967
127 226
127 282
127 482
127 580
127 661
127 691
127 944
128 211
128 300
128 563
129 225
129 494
129 562
129 686
129 852
130 175
130 199
130 913
130 981
131 166
132 178
132 308
132 357
132 555
132 719
132 775
132 958
133 524
133 553
133 758
133 953
134 262
135 198
135 434
135 689
135 892
136 543
136 599
136 843
138 226
138 287
138 296
138 348
138 565
138 766
138 852
138 968
139 440
140 999
141 158
142 301
142 425
142 757
142 977
142 986
143 163
143 252
143 752
143 999
144 159
144 246
144 379
144 441
144 576
145 395
145 470
145 535
145 879
146 261
146 431
146 896
146 973
147 269
147 420
147 771
147 821
147 964
147 999
148 169
148 206
148 468
148 597
148 773
148 942
149 259
149 330
150 318
150 456
150 474
150 536
150 574
150 630
151 243
151 815
152 193
152 345
152 730
153 554
153 591
153 687
153 899
153 944
154 166
154 220
154 369
154 548
154 991
155 204
155 217
155 221
155 362
155 408
155 609
156 266
156 314
156 523
156 936
157 364
157 438
157 529
157 598
157 641
157 684
157 803
157 830
157 986
158 197
158 254
158 324
158 424
158 950
158 980
159 295
159 382
159 440
159 940
160 238
160 296
160 316
160 720
160 740
160 774
161 173
161 255
161 378
161 555
161 876
161 975
162 399
162 678
162 901
162 923
163 344
163 420
163 615
163 708
164 426
164 623
164 717
165 493
165 639
165 640
165 712
165 806
165 892
166 192
166 205
166 423
166 536
166 537
166 689
166 931
167 512
167 894
167 937
168 367
168 784
168 910
169 233
169 490
169 496
169 794
170 281
170 737
170 873
170 934
171 182
171 243
171 331
171 621
171 878
171 952
172 201
172 307
172 558
172 570
172 672
173 244
173 301
173 669
174 196
174 243
174 335
174 403
174 571
174 766
174 874
174 922
175 239
175 311
175 577
175 776
176 368
176 488
176 515
177 407
177 576
177 587
177 818
178 334
178 621
178 667
178 777
179 874
180 205
180 214
180 313
180 602
180 678
180 695
181 189
181 280
181 436
181 504
181 592
181 714
182 206
182 416
182 670
182 746
182 767
182 872
182 943
182 949
183 534
183 673
183 712
184 324
184 349
184 481
184 493
184 503
184 545
185 267
185 399
185 533
185 786
186 264
186 745
186 789
187 394
187 415
187 484
187 568
187 750
187 772
188 640
189 199
189 288
189 587
189 597
189 725
189 922
190 222
190 777
190 803
190 983
191 209
191 245
191 358
191 774
191 976
191 980
192 534
192 561
192 570
192 716
192 785
192 886
192 960
193 542
193 787
193 928
193 994
194 304
194 358
194 519
194 531
195 472
195 761
196 198
196 739
196 751
196 782
196 873
197 236
198 256
198 310
198 551
198 862
198 886
198 977
199 364
199 448
199 577
199 747
199 778
199 850
199 923
199 966
200 275
200 363
200 573
200 912
200 954
201 345
201 428
201 991
202 548
202 793
202 997
203 222
203 260
203 928
203 931
203 946
203 954
204 271
204 490
204 539
204 562
204 618
204 681
204 703
204 775
204 855
205 330
205 382
205 401
205 660
205 728
205 985
206 290
206 389
206 507
206 659
206 670
206 705
206 820
207 277
207 595
207 794
208 646
208 652
208 725
208 843
209 307
209 586
209 949
210 277
210 418
210 792
211 435
211 680
211 789
211 932
212 278
212 284
212 355
212 485
212 607
213 451
213 487
213 739
213 859
214 711
214 866
214 1000
215 222
215 543
215 700
215 901
216 275
216 394
216 698
216 812
216 815
216 891
217 339
217 498
217 793
217 845
218 338
218 651
218 813
218 837
219 469
219 514
219 553
219 749
220 303
220 421
220 430
220 475
220 502
220 530
220 531
220 685
221 245
221 325
221 638
221 674
221 682
221 919
221 946
221 957
222 287
222 425
222 627
222 668
222 732
222 749
222 887
224 524
224 769
224 825
225 297
225 401
225 485
225 496
225 942
226 742
226 760
227 562
227 956
228 304
228 463
228 673
228 781
229 536
229 614
229 700
229 838
229 858
229 893
230 247
230 282
230 445
231 515
231 669
231 898
231 922
232 259
232 419
232 570
232 734
232 989
233 482
234 250
234 273
234 364
234 954
234 970
235 514
235 573
236 351
236 455
236 646
236 814
236 973
237 381
237 472
237 600
237 649
238 445
238 609
238 625
239 269
239 808
239 840
239 865
240 387
240 519
240 942
241 309
241 656
242 742
243 290
243 603
243 630
243 934
244 577
244 594
244 809
245 390
245 508
245 752
245 880
246 359
246 500
246 685
246 697
247 603
247 650
247 763
247 784
247 897
248 367
248 561
248 647
248 949
248 997
249 440
249 489
249 775
249 975
249 978
250 298
250 308
250 433
250 531
250 573
250 669
250 743
250 834
250 939
251 486
251 851
252 329
252 367
252 933
252 986
253 372
253 727
254 269
254 315
254 393
255 372
255 404
256 769
257 540
257 646
257 827
257 865
258 303
258 583
259 266
259 690
260 297
260 752
261 344
261 529
261 582
262 340
262 361
262 372
262 621
262 808
262 932
263 726
264 287
264 593
264 922
265 447
265 623
265 713
266 364
266 483
266 638
266 651
266 864
266 889
267 278
267 528
267 555
267 622
267 665
267 840
267 874
267 950
268 658
268 723
268 775
269 348
269 655
269 725
270 331
270 408
270 834
270 921
271 488
271 525
271 538
271 787
271 789
271 795
271 978
272 292
272 608
272 686
272 758
272 782
273 819
274 435
274 462
274 546
274 963
275 452
275 603
275 698
275 907
276 875
276 915
277 774
277 901
277 989
278 347
278 348
279 425
279 510
279 719
280 693
280 743
280 942
280 986
281 341
281 458
281 602
281 619
281 889
282 357
282 427
282 901
282 976
283 424
283 548
284 559
284 641
284 653
284 862
284 924
284 944
285 546
286 671
286 875
287 382
287 480
287 666
287 676
287 694
287 703
287 989
288 295
288 340
288 430
289 473
289 555
289 667
289 815
290 391
290 795
290 968
291 654
291 709
291 939
291 946
291 980
292 355
292 377
292 585
292 740
292 746
293 492
293 655
293 861
293 958
294 320
294 578
295 686
296 338
296 443
296 618
296 812
296 860
296 939
296 945
297 743
297 800
297 912
298 473
298 717
298 789
300 305
300 533
300 622
300 660
300 723
300 968
301 333
301 439
301 491
301 948
302 520
302 611
302 729
302 934
303 330
303 639
303 710
303 731
304 377
304 472
304 510
305 401
305 888
305 948
306 460
306 856
307 557
307 636
308 363
308 584
308 742
308 934
309 473
309 604
309 812
309 840
310 463
310 496
310 724
311 450
311 517
311 519
311 672
311 718
312 594
312 612
312 766
312 971
313 479
313 612
313 619
314 326
314 384
314 445
314 608
314 628
315 524
315 738
315 893
315 921
315 978
316 405
316 699
316 993
317 387
317 464
317 672
317 951
317 953
318 609
318 691
318 833
319 396
319 722
319 942
320 446
320 556
320 743
320 768
321 378
321 431
322 512
322 564
322 763
323 342
323 539
323 627
323 676
323 949
323 973
324 370
324 413
324 483
324 613
325 424
325 440
325 597
325 881
325 927
326 537
326 650
326 897
327 713
327 979
328 590
328 628
328 840
328 854
328 907
329 501
329 550
329 923
330 659
330 673
330 682
331 545
331 549
331 874
331 929
332 383
332 913
333 514
333 803
333 931
333 954
334 415
334 550
334 724
335 530
335 868
336 399
336 848
337 379
337 421
337 516
337 709
337 830
337 975
338 402
338 544
338 695
338 762
339 544
339 599
340 460
340 693
340 787
340 876
341 736
341 748
341 788
341 789
341 979
342 630
342 848
343 372
343 845
343 869
343 948
344 346
344 537
344 639
344 797
344 867
344 922
345 482
345 531
345 569
346 418
346 761
346 806
346 956
347 374
347 627
347 857
348 600
348 970
348 997
349 444
349 603
349 765
350 795
351 367
351 605
351 882
352 377
352 527
352 572
352 930
352 970
353 868
354 409
354 477
354 801
354 961
355 488
355 495
355 615
355 618
355 836
355 918
356 382
356 796
356 823
356 828
356 894
356 926
357 834
358 589
358 616
358 694
358 864
359 418
359 533
359 667
359 880
360 688
361 503
361 539
361 554
361 571
361 615
361 747
361 830
361 976
362 515
362 574
362 697
362 737
362 863
363 714
363 724
363 786
363 868
364 447
364 513
364 814
364 846
365 624
365 860
365 880
366 581
366 976
368 433
368 859
369 398
369 445
369 452
369 788
370 434
370 479
370 505
370 556
370 579
370 611
370 626
371 451
371 611
371 722
372 524
372 753
373 668
373 804
373 972
374 393
374 403
374 509
374 550
374 572
374 718
374 992
375 659
375 772
375 856
376 428
376 444
376 540
376 546
376 635
376 855
377 661
377 747
378 729
378 931
379 607
379 929
380 413
380 595
380 688
380 719
380 830
381 625
381 917
382 448
382 482
382 613
382 746
382 924
383 540
383 782
383 991
384 577
384 866
384 886
385 421
385 481
385 640
385 689
385 842
386 505
386 511
386 616
386 821
387 486
387 614
387 638
387 873
388 619
388 890
388 936
389 400
390 582
390 897
391 468
391 542
391 612
391 693
391 883
392 675
393 442
393 495
393 786
393 990
394 774
396 619
396 991
397 424
397 712
398 410
398 420
398 458
398 562
398 599
398 929
399 438
399 537
399 566
399 655
400 712
400 808
400 853
400 855
401 683
402 491
402 776
402 874
403 430
403 705
403 721
404 673
404 852
404 982
404 990
405 417
405 519
405 746
406 443
406 500
406 550
406 596
406 603
406 807
406 972
407 441
407 523
407 956
408 455
408 508
408 597
408 717
409 475
409 610
409 985
409 986
410 411
410 602
411 610
411 679
411 685
411 727
411 956
412 578
413 755
414 435
414 508
414 559
414 625
414 802
414 913
415 419
415 880
416 847
418 516
418 640
420 752
421 789
421 902
421 912
421 991
422 437
422 660
423 836
424 764
425 445
425 555
425 652
425 673
425 780
425 836
425 897
426 480
426 616
426 623
426 735
426 980
427 458
427 538
427 645
427 896
428 824
428 901
429 487
429 907
429 920
430 448
430 493
430 568
430 790
431 443
431 568
431 715
431 791
431 899
432 605
432 622
432 736
433 633
433 716
433 738
434 503
434 861
434 870
434 968
435 536
435 650
435 832
436 510
436 584
437 715
438 553
438 642
438 685
438 740
438 747
438 763
439 698
439 882
439 977
440 885
441 555
441 676
441 983
442 496
442 510
442 566
442 879
442 928
443 576
443 782
443 787
443 882
443 902
443 973
444 654
445 601
446 486
446 864
446 922
447 965
448 880
448 916
448 998
448 999
449 665
449 892
450 488
450 679
450 708
451 715
451 830
452 512
452 600
452 961
453 508
453 863
453 958
454 507
454 862
454 865
455 506
455 674
455 701
455 938
456 518
456 644
456 949
456 956
456 958
457 579
457 825
457 967
458 473
458 830
459 790
460 490
460 692
460 794
461 463
461 545
461 802
462 528
462 538
462 594
462 705
462 765
462 842
462 856
463 486
463 572
464 622
464 780
464 975
465 503
465 541
465 547
465 630
466 620
466 705
467 530
467 616
467 649
467 725
467 795
469 936
469 959
470 568
470 998
471 544
471 652
471 878
472 474
472 539
472 897
472 962
474 587
474 677
474 856
475 498
475 551
476 527
476 930
477 561
478 549
478 552
478 582
478 720
479 492
479 571
482 935
483 532
483 533
483 720
483 744
484 661
484 934
485 598
485 931
486 592
486 742
486 979
487 560
487 727
488 549
488 753
489 828
489 936
490 851
491 500
491 521
491 640
491 656
491 903
492 753
492 873
493 521
493 565
493 708
493 718
493 897
494 669
495 660
495 957
496 619
496 835
496 853
497 647
497 778
498 703
498 978
499 534
499 567
499 713
499 718
499 777
499 904
501 779
501 795
501 870
502 696
502 815
503 509
503 545
503 688
503 902
503 927
503 973
504 587
504 679
505 835
505 963
505 993
506 512
506 572
506 635
506 730
507 634
508 700
508 831
509 533
509 570
509 947
510 639
510 866
511 576
511 732
511 805
512 810
512 844
513 933
514 779
515 617
515 642
515 643
516 771
516 880
516 884
517 536
517 914
517 943
518 707
518 746
518 831
518 889
519 590
519 659
519 671
519 752
519 843
520 554
520 904
521 629
521 693
521 729
522 534
522 926
523 944
525 884
525 972
525 978
526 539
526 556
527 684
527 741
527 858
527 945
528 701
528 703
529 555
529 600
529 749
529 757
529 829
530 632
531 788
533 580
533 621
533 663
533 987
534 797
535 805
535 909
535 1000
537 574
537 760
537 857
537 938
538 597
538 615
538 955
539 660
540 737
540 846
541 549
541 685
541 696
542 664
543 592
543 791
543 888
543 942
544 961
545 756
545 804
547 705
548 726
548 870
549 844
550 591
550 906
551 791
551 858
551 942
552 671
552 723
552 849
553 829
554 670
554 742
554 916
555 804
555 929
555 961
555 984
556 597
556 891
556 911
557 909
558 757
558 844
559 921
559 931
559 957
560 918
561 562
561 746
561 774
561 873
561 931
561 993
563 728
564 752
564 753
564 836
564 837
565 980
566 634
566 776
566 866
567 626
567 629
567 955
568 625
568 920
569 599
569 638
569 780
570 581
570 841
570 845
571 580
571 687
571 713
572 663
572 786
572 864
573 711
573 798
573 941
573 947
574 675
574 678
574 722
574 869
574 899
575 596
575 943
576 604
576 644
577 879
577 963
578 590
578 851
578 913
579 732
580 666
580 709
580 914
581 766
581 906
582 745
582 787
582 974
583 602
583 719
583 785
583 812
583 999
584 618
584 703
584 964
585 632
585 875
586 798
586 822
587 694
587 780
587 882
588 704
588 952
589 867
590 654
591 699
591 720
591 813
591 834
591 864
592 716
592 847
592 939
593 839
593 950
594 729
595 881
596 686
596 697
596 916
598 870
599 677
599 822
599 947
599 949
600 863
601 790
601 794
602 824
602 991
603 671
603 674
603 910
603 930
604 697
604 919
604 990
606 739
606 878
607 634
607 661
607 694
607 696
607 830
607 964
608 651
608 732
608 797
609 674
609 699
609 849
611 614
611 958
612 750
612 980
613 973
614 864
614 895
614 954
615 686
615 703
615 747
616 669
616 799
617 714
618 828
619 625
619 719
620 917
620 940
621 679
621 692
622 760
624 816
625 854
626 954
626 982
627 830
627 989
628 679
630 785
631 664
631 680
631 843
631 881
632 693
633 838
633 886
633 896
635 648
635 985
636 931
637 680
637 825
638 809
638 868
638 905
639 862
640 735
640 766
641 820
642 663
642 916
642 951
644 706
645 742
645 758
645 935
645 944
645 988
646 995
647 697
647 811
648 671
649 695
649 832
650 871
651 932
653 846
654 822
654 973
655 680
655 709
657 873
658 797
659 706
659 876
660 805
661 728
661 945
662 719
663 689
663 986
664 669
664 705
664 810
665 871
665 949
666 794
667 814
667 879
668 713
668 757
668 887
668 976
669 839
669 851
670 676
670 952
671 673
671 731
672 760
674 682
674 872
674 963
676 726
676 824
676 947
676 976
677 765
677 889
678 853
678 883
679 685
681 988
682 920
684 701
684 725
684 744
685 829
688 828
688 849
688 971
688 984
688 996
689 729
689 777
690 743
690 898
691 695
691 712
692 746
693 792
693 961
694 780
694 900
695 757
696 713
696 978
697 795
699 781
700 852
701 966
702 895
702 994
703 712
703 775
704 748
704 896
704 931
705 801
705 823
705 831
705 951
706 726
706 907
706 958
706 980
709 778
710 732
711 905
712 982
713 812
713 934
714 943
715 816
715 906
716 1000
717 722
717 832
717 888
717 960
717 980
718 790
720 727
720 754
722 800
723 938
725 937
725 997
726 757
726 879
726 898
727 829
728 864
730 772
730 793
730 839
731 820
731 974
732 854
733 758
733 870
734 835
735 876
736 878
738 814
738 831
739 895
739 900
740 857
742 818
742 945
743 946
744 802
744 957
745 867
747 862
747 888
748 796
748 821
748 891
749 947
749 956
751 853
752 756
753 827
753 948
755 787
755 873
755 901
756 938
757 929
758 866
761 775
761 845
761 931
761 980
762 825
762 874
762 929
763 858
763 980
763 993
763 997
765 976
770 814
772 813
772 864
772 981
774 789
774 890
776 925
776 988
777 789
777 842
777 869
779 926
779 956
780 798
781 844
782 836
782 957
783 852
784 891
785 860
785 897
785 966
786 814
786 985
787 790
787 924
787 945
789 803
790 923
790 943
790 953
793 847
795 919
796 937
798 872
798 953
799 905
801 916
801 980
803 987
805 958
807 809
807 824
807 982
808 944
808 977
809 931
813 935
813 993
814 839
814 873
814 983
815 935
818 875
818 888
820 910
820 977
821 947
822 981
824 866
824 887
824 959
825 844
825 887
825 927
827 839
829 882
831 994
834 989
836 920
837 855
838 956
838 976
839 985
840 966
844 972
846 850
847 954
848 995
849 972
850 923
851 895
851 923
853 905
858 996
860 968
863 952
863 981
863 993
866 945
867 895
869 901
871 947
874 984
875 976
877 928
878 898
878 988
885 915
885 931
886 988
888 928
891 983
892 970
897 981
898 901
899 925
899 927
913 945
914 975
919 938
921 926
923 940
929 955
933 976
934 983
935 957
942 996
946 984
947 953
950 965
950 978
952 954
955 967
971 1000
982 997
