100 1002
1 4
1 7
1 8
1 12
1 24
1 26
1 38
1 41
1 45
1 47
1 56
1 57
1 60
1 67
1 74
1 82
1 84
1 85
1 91
1 96
2 9
2 11
2 13
2 17
2 20
2 23
2 24
2 29
2 32
2 33
2 51
2 55
2 58
2 59
2 62
2 65
2 73
2 75
2 77
2 80
2 86
2 92
2 95
2 98
2 100
3 4
3 7
3 8
3 10
3 12
3 14
3 20
3 25
3 30
3 32
3 36
3 45
3 50
3 58
3 62
3 64
3 67
3 68
3 69
3 76
3 82
3 83
3 85
3 96
3 97
4 5
4 8
4 9
4 10
4 18
4 25
4 29
4 33
4 34
4 36
4 39
4 40
4 43
4 46
4 47
4 48
4 53
4 54
4 57
4 62
4 66
4 67
4 69
4 70
4 91
4 96
4 97
4 98
4 99
5 7
5 8
5 13
5 29
5 31
5 36
5 39
5 41
5 44
5 54
5 55
5 65
5 69
5 73
5 77
5 81
5 84
5 93
5 94
5 99
6 7
6 8
6 12
6 15
6 28
6 30
6 31
6 33
6 43
6 46
6 47
6 48
6 52
6 57
6 65
6 76
6 80
6 87
6 98
7 8
7 11
7 30
7 31
7 39
7 40
7 45
7 49
7 50
7 51
7 65
7 71
7 78
7 79
7 84
7 89
7 98
8 20
8 21
8 26
8 31
8 34
8 38
8 39
8 41
8 49
8 52
8 54
8 65
8 74
8 75
8 83
8 90
8 97
9 24
9 31
9 32
9 42
9 43
9 45
9 50
9 62
9 63
9 64
9 66
9 69
9 70
9 72
9 76
9 84
9 91
9 97
10 14
10 32
10 34
10 47
10 68
10 70
10 75
10 76
10 79
10 81
10 83
10 87
10 93
10 96
10 100
11 17
11 18
11 21
11 22
11 27
11 34
11 40
11 43
11 45
11 58
11 61
11 66
11 71
11 75
11 88
11 92
11 97
12 13
12 30
12 34
12 41
12 43
12 47
12 50
12 60
12 61
12 65
12 67
12 68
12 71
12 72
12 77
12 85
12 96
13 14
13 18
13 22
13 25
13 27
13 40
13 50
13 51
13 52
13 68
13 69
13 70
13 73
13 75
13 76
13 85
13 89
13 93
13 95
13 97
13 99
14 15
14 19
14 28
14 31
14 34
14 36
14 37
14 38
14 39
14 47
14 64
14 66
14 70
14 71
14 73
14 74
14 82
14 85
14 86
14 88
15 18
15 28
15 38
15 39
15 45
15 49
15 53
15 72
15 74
15 79
15 92
15 100
16 17
16 18
16 19
16 23
16 26
16 29
16 37
16 42
16 44
16 50
16 55
16 59
16 68
16 69
16 90
16 92
16 98
16 99
17 18
17 19
17 21
17 23
17 26
17 31
17 32
17 35
17 38
17 44
17 46
17 47
17 50
17 56
17 60
17 62
17 69
17 81
17 82
17 87
17 88
17 91
17 94
17 98
18 24
18 28
18 32
18 36
18 38
18 56
18 65
18 71
18 80
18 85
18 86
18 89
18 94
18 96
19 23
19 25
19 30
19 31
19 35
19 36
19 42
19 46
19 58
19 66
19 68
19 77
19 80
19 83
20 25
20 31
20 42
20 48
20 49
20 53
20 54
20 55
20 57
20 61
20 67
20 71
20 79
20 82
20 98
21 23
21 28
21 35
21 36
21 46
21 47
21 49
21 64
21 65
21 75
21 78
21 79
21 83
21 84
21 91
22 23
22 25
22 29
22 35
22 37
22 46
22 50
22 52
22 63
22 64
22 66
22 71
22 77
22 79
22 82
22 85
22 86
22 87
22 88
22 94
23 33
23 36
23 37
23 38
23 55
23 59
23 62
23 63
23 68
23 69
23 74
23 82
23 86
24 34
24 37
24 44
24 52
24 61
24 67
24 77
24 86
24 94
25 37
25 39
25 43
25 47
25 50
25 54
25 55
25 60
25 66
25 68
25 74
25 77
25 82
25 85
25 89
25 91
25 93
25 94
25 95
26 27
26 29
26 31
26 47
26 51
26 55
26 67
26 91
26 96
26 99
27 32
27 35
27 41
27 47
27 50
27 66
27 73
27 74
27 76
27 77
27 83
27 88
27 92
27 98
28 29
28 39
28 47
28 49
28 50
28 54
28 55
28 59
28 60
28 66
28 69
28 74
28 76
28 77
28 78
28 79
28 83
28 88
28 91
29 36
29 37
29 47
29 53
29 55
29 65
29 67
29 78
29 91
29 95
29 98
30 33
30 50
30 51
30 57
30 60
30 62
30 64
30 67
30 70
30 74
30 86
30 87
31 38
31 47
31 50
31 52
31 54
31 60
31 62
31 72
31 73
31 74
31 85
32 37
32 40
32 45
32 46
32 52
32 61
32 64
32 67
32 68
32 72
32 73
32 80
32 91
32 96
32 100
33 58
33 65
33 68
33 73
33 77
33 94
33 100
34 40
34 44
34 46
34 50
34 51
34 53
34 61
34 62
34 72
34 78
34 80
34 82
34 85
34 98
35 36
35 42
35 47
35 53
35 65
35 75
35 82
35 86
35 88
35 94
35 95
35 99
36 40
36 42
36 46
36 47
36 60
36 75
36 79
36 86
36 87
36 93
36 97
36 98
37 43
37 46
37 47
37 50
37 52
37 54
37 62
37 63
37 65
37 66
37 78
37 79
37 81
37 87
37 88
37 90
37 96
37 97
38 44
38 45
38 64
38 72
38 77
38 85
38 89
38 93
38 96
38 97
39 41
39 42
39 49
39 52
39 55
39 59
39 64
39 70
39 73
39 87
39 97
40 48
40 51
40 55
40 59
40 62
40 63
40 66
40 67
40 72
40 82
40 83
40 87
40 88
40 93
40 96
40 98
41 49
41 50
41 51
41 57
41 59
41 62
41 71
41 76
41 79
41 95
42 44
42 49
42 68
42 70
42 76
42 79
42 87
42 92
42 97
43 45
43 48
43 50
43 52
43 55
43 58
43 61
43 65
43 69
43 76
43 84
43 85
43 88
43 99
44 46
44 61
44 65
44 68
44 73
44 80
44 84
44 94
44 95
44 98
45 48
45 50
45 54
45 58
45 65
45 72
46 48
46 55
46 58
46 63
46 65
46 68
46 70
46 71
46 75
46 77
46 80
46 83
46 87
46 89
46 95
46 99
47 51
47 52
47 53
47 54
47 56
47 63
47 64
47 65
47 71
47 75
47 90
47 91
47 94
48 55
48 58
48 59
48 60
48 63
48 78
48 79
48 81
48 84
48 100
49 53
49 65
49 68
49 70
49 72
49 73
49 77
49 88
49 91
49 96
49 97
50 52
50 55
50 59
50 61
50 67
50 76
50 86
50 88
50 90
50 93
50 94
51 52
51 56
51 63
51 65
51 71
51 72
51 80
51 82
51 86
52 53
52 69
52 70
52 80
52 85
52 86
52 93
53 55
53 59
53 60
53 62
53 67
53 68
53 70
53 78
53 79
53 84
53 87
53 94
53 99
54 63
54 71
54 77
54 83
54 85
54 89
55 56
55 57
55 62
55 65
55 66
55 67
55 68
55 76
55 81
55 89
55 97
55 98
55 99
56 70
56 80
56 84
56 85
56 88
56 97
56 98
57 58
57 59
57 70
57 76
57 84
57 98
58 63
58 65
58 71
58 72
58 76
58 79
58 80
58 92
59 84
59 95
59 97
60 64
60 69
60 76
60 78
60 81
60 82
60 84
60 85
60 86
60 90
60 91
60 98
60 99
61 68
61 72
61 73
61 76
61 78
61 82
61 93
61 95
62 63
62 65
62 70
62 71
62 72
62 79
62 84
62 85
63 68
63 71
63 80
63 84
63 87
63 88
63 92
63 95
63 99
64 66
64 67
64 68
64 76
64 77
64 81
64 87
64 91
64 95
64 96
64 100
65 66
65 67
65 70
65 73
65 74
65 77
65 79
65 84
65 89
65 92
65 93
66 71
66 73
66 74
66 80
66 89
66 92
66 93
66 99
66 100
67 70
67 71
67 81
67 93
67 97
68 71
68 75
68 76
68 78
68 80
68 87
68 92
68 95
68 97
69 74
69 75
69 96
69 99
70 73
70 75
70 78
70 81
70 98
71 80
71 83
71 84
71 87
71 89
71 93
71 95
71 100
72 81
72 82
72 94
72 97
73 76
73 77
73 93
74 78
74 83
74 85
74 86
74 87
74 92
74 99
75 77
75 90
75 99
75 100
76 77
76 80
76 83
76 90
76 91
76 98
77 88
77 91
77 92
77 97
77 99
78 79
78 85
78 88
79 89
79 93
79 96
79 99
79 100
80 82
80 84
80 92
81 82
81 89
81 92
81 97
82 87
82 93
82 96
82 97
83 85
83 92
83 97
84 86
84 87
84 92
84 98
84 100
85 86
85 95
85 97
86 90
87 88
87 91
87 93
88 93
88 99
89 90
91 96
92 100
93 96
93 97
94 97
95 96
95 100
96 97
97 99
