1000 10049
1 15
1 23
1 119
1 127
1 156
1 198
1 210
1 237
1 307
1 349
1 378
1 456
1 464
1 475
1 564
1 580
1 637
1 861
1 905
1 999
2 53
2 88
2 197
2 230
2 243
2 351
2 411
2 430
2 457
2 465
2 571
2 590
2 630
2 661
2 714
2 777
2 789
2 807
2 829
2 912
3 49
3 59
3 81
3 161
3 446
3 475
3 583
3 584
3 614
3 731
3 846
3 971
3 987
4 45
4 82
4 101
4 202
4 250
4 258
4 267
4 334
4 394
4 396
4 413
4 473
4 483
4 502
4 514
4 609
4 619
4 631
4 660
4 678
4 680
4 693
4 707
4 758
4 850
4 953
4 969
5 34
5 45
5 117
5 143
5 205
5 224
5 296
5 302
5 392
5 405
5 434
5 447
5 466
5 521
5 524
5 728
5 764
5 774
5 794
5 810
5 828
5 873
5 949
6 17
6 137
6 151
6 162
6 186
6 275
6 381
6 454
6 457
6 461
6 474
6 476
6 530
6 556
6 640
6 693
6 694
6 716
6 729
6 746
6 759
6 765
6 809
6 898
6 916
6 954
6 971
7 38
7 48
7 131
7 179
7 225
7 242
7 306
7 321
7 415
7 421
7 453
7 494
7 517
7 549
7 573
7 640
7 685
7 766
7 783
7 862
7 912
7 966
7 979
8 101
8 122
8 124
8 134
8 145
8 171
8 173
8 308
8 424
8 518
8 667
8 804
8 874
8 918
8 990
9 147
9 201
9 279
9 348
9 368
9 521
9 541
9 655
9 664
9 672
9 711
9 724
9 733
9 758
9 768
9 944
9 947
10 38
10 70
10 117
10 145
10 250
10 286
10 339
10 386
10 388
10 399
10 445
10 615
10 621
10 681
10 690
10 736
10 781
10 809
10 894
10 906
10 943
10 944
10 965
10 984
10 986
11 23
11 69
11 156
11 165
11 186
11 200
11 231
11 253
11 294
11 340
11 345
11 417
11 447
11 461
11 590
11 678
11 778
11 889
11 942
11 984
12 14
12 18
12 112
12 188
12 231
12 246
12 252
12 474
12 529
12 534
12 563
12 575
12 639
12 644
12 671
12 699
12 735
12 835
12 921
12 975
12 991
13 58
13 65
13 115
13 131
13 135
13 271
13 295
13 320
13 359
13 371
13 386
13 391
13 401
13 408
13 418
13 423
13 533
13 545
13 649
13 696
13 724
13 820
13 831
13 870
13 937
14 37
14 45
14 62
14 71
14 105
14 108
14 114
14 141
14 168
14 222
14 269
14 276
14 304
14 335
14 351
14 372
14 423
14 438
14 448
14 470
14 479
14 554
14 589
14 617
14 697
14 758
14 773
14 826
14 852
14 890
14 935
14 1000
15 17
15 20
15 91
15 152
15 200
15 310
15 327
15 349
15 360
15 371
15 374
15 384
15 544
15 596
15 636
15 730
16 42
16 183
16 191
16 231
16 249
16 334
16 371
16 375
16 485
16 530
16 559
16 621
16 632
16 639
16 694
16 792
16 838
16 881
16 935
16 986
17 70
17 93
17 118
17 120
17 233
17 368
17 405
17 448
17 475
17 516
17 635
17 718
17 732
17 769
17 807
17 876
17 993
18 37
18 54
18 71
18 113
18 186
18 300
18 336
18 461
18 471
18 475
18 534
18 600
18 661
18 753
18 778
18 908
18 925
18 948
18 956
18 973
19 88
19 103
19 137
19 223
19 498
19 502
19 507
19 510
19 606
19 676
19 739
19 749
19 780
19 821
19 881
19 958
20 30
20 152
20 225
20 245
20 257
20 379
20 402
20 447
20 485
20 574
20 575
20 635
20 692
20 696
20 784
20 803
20 942
20 984
21 91
21 156
21 168
21 198
21 283
21 371
21 424
21 496
21 575
21 614
21 623
21 624
21 685
21 804
21 831
21 853
21 914
22 75
22 101
22 311
22 325
22 365
22 405
22 422
22 430
22 442
22 578
22 633
22 693
22 725
22 733
22 774
22 777
22 865
22 872
23 37
23 66
23 106
23 139
23 208
23 220
23 225
23 272
23 299
23 322
23 359
23 411
23 437
23 440
23 454
23 520
23 531
23 535
23 591
23 607
23 618
23 636
23 639
23 699
23 711
23 840
23 848
23 871
23 875
23 967
24 97
24 110
24 125
24 137
24 157
24 200
24 215
24 230
24 257
24 266
24 294
24 373
24 447
24 449
24 562
24 634
24 670
24 688
24 702
24 723
24 734
24 769
24 774
24 874
24 900
24 915
24 969
24 988
25 61
25 75
25 124
25 200
25 244
25 331
25 419
25 542
25 603
25 608
25 650
25 710
25 712
25 738
25 775
25 806
25 861
25 880
25 890
25 946
25 958
25 967
26 41
26 89
26 162
26 213
26 248
26 316
26 330
26 381
26 431
26 468
26 530
26 614
26 638
26 684
26 742
26 758
26 769
26 815
26 914
27 214
27 280
27 341
27 391
27 394
27 414
27 451
27 733
27 745
27 761
27 798
27 819
27 853
27 932
27 941
28 79
28 89
28 182
28 254
28 295
28 348
28 399
28 480
28 485
28 572
28 588
28 628
28 635
28 696
28 749
28 752
28 847
28 872
28 964
29 48
29 111
29 157
29 170
29 266
29 299
29 302
29 322
29 335
29 343
29 375
29 388
29 415
29 420
29 433
29 610
29 620
29 640
29 708
29 745
29 751
29 803
29 809
29 819
29 937
30 60
30 84
30 125
30 159
30 161
30 217
30 228
30 451
30 502
30 520
30 522
30 527
30 557
30 559
30 637
30 680
30 709
30 794
30 809
30 904
30 971
30 979
31 132
31 270
31 346
31 388
31 543
31 551
31 589
31 599
31 635
31 703
31 766
31 904
31 939
31 942
32 94
32 213
32 254
32 268
32 319
32 401
32 535
32 636
32 757
32 758
32 809
32 843
32 895
32 911
33 58
33 83
33 107
33 162
33 199
33 278
33 283
33 353
33 403
33 404
33 491
33 526
33 545
33 564
33 614
33 637
33 753
33 755
33 900
34 84
34 125
34 309
34 362
34 376
34 397
34 425
34 438
34 468
34 470
34 530
34 535
34 572
34 591
34 618
34 690
34 725
34 732
34 746
34 876
34 891
34 903
34 947
35 60
35 166
35 242
35 246
35 279
35 310
35 410
35 467
35 496
35 525
35 641
35 665
35 677
35 711
35 741
35 780
35 808
35 849
35 961
36 37
36 38
36 85
36 149
36 184
36 250
36 288
36 291
36 318
36 361
36 381
36 396
36 491
36 498
36 618
36 621
36 632
36 719
36 743
36 758
36 863
36 909
36 985
37 144
37 166
37 315
37 364
37 367
37 379
37 400
37 408
37 561
37 605
37 670
37 780
37 807
37 837
37 897
37 909
37 922
37 933
37 944
38 64
38 82
38 84
38 160
38 214
38 219
38 295
38 321
38 333
38 402
38 460
38 557
38 594
38 613
38 647
38 662
38 680
38 796
38 836
38 881
38 887
38 908
39 193
39 289
39 307
39 314
39 333
39 375
39 460
39 476
39 482
39 534
39 560
39 657
39 663
39 760
39 798
39 809
39 916
39 975
40 47
40 199
40 242
40 255
40 259
40 262
40 280
40 292
40 304
40 339
40 371
40 404
40 456
40 598
40 629
40 639
40 702
40 707
40 708
40 718
40 758
40 769
40 903
40 914
40 943
41 47
41 81
41 115
41 209
41 213
41 236
41 295
41 322
41 362
41 438
41 442
41 740
42 76
42 77
42 101
42 105
42 109
42 123
42 278
42 333
42 344
42 350
42 410
42 501
42 538
42 580
42 728
42 873
42 916
42 935
42 981
42 987
42 997
43 62
43 105
43 161
43 194
43 223
43 280
43 304
43 328
43 334
43 336
43 346
43 359
43 521
43 533
43 553
43 644
43 680
43 705
43 747
43 761
43 794
43 855
43 949
43 998
44 243
44 257
44 321
44 334
44 341
44 424
44 430
44 433
44 559
44 606
44 680
44 683
44 718
44 739
44 775
44 826
44 929
44 946
44 978
44 993
45 86
45 98
45 130
45 136
45 150
45 177
45 180
45 192
45 231
45 358
45 410
45 436
45 466
45 486
45 502
45 635
45 726
45 776
45 897
45 934
45 939
45 956
46 64
46 90
46 132
46 300
46 425
46 484
46 496
46 527
46 551
46 564
46 585
46 670
46 727
46 730
46 804
46 861
46 887
46 898
46 956
47 87
47 109
47 115
47 230
47 315
47 329
47 471
47 522
47 606
47 620
47 625
47 680
47 716
47 735
47 742
47 776
47 801
47 859
47 868
47 912
47 926
47 937
48 72
48 91
48 142
48 166
48 195
48 209
48 240
48 271
48 298
48 336
48 526
48 567
48 649
48 683
48 795
48 799
48 853
48 883
48 949
48 953
48 968
48 976
49 102
49 105
49 213
49 287
49 340
49 353
49 383
49 406
49 409
49 435
49 550
49 551
49 554
49 586
49 706
49 748
49 749
49 830
49 854
49 858
50 61
50 130
50 191
50 316
50 421
50 461
50 483
50 502
50 544
50 605
50 681
50 693
50 769
50 805
50 840
50 927
50 983
51 79
51 217
51 293
51 309
51 322
51 377
51 378
51 406
51 449
51 455
51 469
51 551
51 566
51 730
51 762
51 821
51 976
51 995
52 149
52 420
52 504
52 572
52 609
52 644
52 717
52 956
52 960
52 994
53 63
53 65
53 92
53 190
53 195
53 210
53 252
53 265
53 371
53 397
53 435
53 565
53 584
53 589
53 620
53 651
53 668
53 692
53 708
53 789
53 803
53 821
53 826
53 881
53 930
53 980
54 90
54 119
54 122
54 126
54 159
54 163
54 243
54 282
54 293
54 299
54 345
54 346
54 449
54 492
54 525
54 527
54 568
54 642
54 657
54 708
54 888
54 912
55 84
55 123
55 140
55 157
55 231
55 253
55 272
55 309
55 398
55 403
55 409
55 476
55 506
55 507
55 533
55 543
55 571
55 612
55 631
55 648
55 730
55 769
55 798
55 835
56 71
56 72
56 129
56 302
56 365
56 403
56 451
56 455
56 530
56 641
56 664
56 670
56 774
56 820
56 879
57 109
57 112
57 365
57 438
57 596
57 599
57 649
57 733
57 751
57 795
58 131
58 263
58 267
58 316
58 374
58 403
58 472
58 519
58 584
58 644
58 682
58 705
58 752
58 812
58 875
58 956
59 65
59 70
59 73
59 85
59 120
59 160
59 232
59 237
59 345
59 475
59 568
59 643
59 650
59 684
59 701
59 751
59 760
59 803
59 810
59 851
59 871
59 994
60 93
60 123
60 129
60 178
60 289
60 412
60 420
60 425
60 487
60 500
60 603
60 635
60 671
60 683
60 743
60 774
60 787
60 851
60 866
60 883
60 884
60 898
60 928
60 935
60 968
60 982
61 86
61 107
61 110
61 152
61 238
61 430
61 450
61 467
61 486
61 539
61 555
61 562
61 610
61 723
61 758
61 759
61 772
61 778
61 785
61 847
61 931
61 956
61 966
61 975
62 78
62 86
62 119
62 229
62 244
62 368
62 380
62 428
62 489
62 493
62 520
62 568
62 573
62 698
62 707
62 761
62 784
62 816
62 818
62 824
62 828
62 850
62 860
62 935
63 65
63 100
63 105
63 156
63 165
63 186
63 211
63 328
63 358
63 391
63 501
63 507
63 538
63 619
63 780
63 819
63 906
63 936
64 79
64 174
64 215
64 282
64 328
64 343
64 356
64 395
64 432
64 468
64 496
64 570
64 639
64 664
64 677
64 738
64 758
64 837
64 881
64 895
64 904
64 948
64 986
65 110
65 145
65 166
65 274
65 405
65 504
65 591
65 609
65 673
65 714
65 745
65 747
65 804
65 873
65 923
65 949
65 951
65 998
65 999
66 75
66 97
66 142
66 191
66 202
66 240
66 362
66 408
66 662
66 666
66 744
66 767
66 768
66 806
66 946
66 989
67 278
67 299
67 337
67 424
67 437
67 442
67 466
67 504
67 508
67 576
67 635
67 645
67 648
67 705
67 808
67 818
67 913
67 947
67 990
67 993
68 134
68 152
68 179
68 198
68 221
68 240
68 300
68 330
68 377
68 432
68 433
68 493
68 518
68 557
68 602
68 657
68 665
68 739
68 844
68 846
68 953
69 80
69 101
69 121
69 133
69 195
69 286
69 289
69 344
69 363
69 449
69 461
69 656
69 703
69 769
69 986
70 89
70 95
70 138
70 232
70 236
70 246
70 376
70 415
70 419
70 460
70 484
70 529
70 543
70 777
70 819
70 853
70 905
70 977
71 102
71 122
71 154
71 163
71 199
71 214
71 308
71 335
71 460
71 637
71 651
71 664
71 677
71 752
71 842
71 883
71 910
72 174
72 180
72 245
72 372
72 384
72 408
72 461
72 492
72 515
72 540
72 605
72 772
72 808
72 813
72 884
72 894
72 910
72 931
73 88
73 97
73 170
73 218
73 267
73 302
73 340
73 343
73 404
73 433
73 472
73 512
73 592
73 600
73 629
73 681
73 752
73 835
73 856
73 988
74 77
74 130
74 148
74 364
74 377
74 396
74 533
74 544
74 557
74 562
74 569
74 677
74 700
74 712
74 721
74 773
74 835
74 866
74 925
74 1000
75 225
75 231
75 252
75 300
75 333
75 336
75 374
75 383
75 396
75 463
75 479
75 584
75 607
75 608
75 612
75 635
75 640
75 649
75 668
75 677
75 733
75 748
75 758
75 811
75 859
75 921
75 950
75 975
76 115
76 179
76 205
76 308
76 397
76 483
76 532
76 613
76 620
76 669
76 878
76 973
77 84
77 125
77 135
77 147
77 161
77 237
77 262
77 321
77 356
77 364
77 404
77 429
77 502
77 635
77 638
77 663
77 682
77 792
77 905
77 942
77 946
78 80
78 121
78 146
78 168
78 172
78 266
78 302
78 349
78 391
78 430
78 458
78 529
78 536
78 592
78 600
78 617
78 625
78 683
78 774
78 789
78 820
78 870
78 919
78 936
78 995
79 133
79 164
79 252
79 253
79 284
79 364
79 396
79 439
79 530
79 553
79 556
79 612
79 720
79 761
79 806
79 911
79 977
80 101
80 217
80 241
80 337
80 375
80 401
80 480
80 503
80 636
80 807
80 862
80 930
80 956
81 114
81 128
81 343
81 377
81 408
81 421
81 444
81 453
81 481
81 506
81 514
81 580
81 608
81 641
81 643
81 718
81 832
81 950
81 963
82 91
82 108
82 119
82 158
82 250
82 322
82 430
82 452
82 519
82 521
82 591
82 630
82 761
82 800
82 812
82 884
82 942
83 106
83 112
83 136
83 160
83 247
83 347
83 447
83 558
83 676
83 705
83 735
83 756
83 857
84 136
84 157
84 163
84 170
84 235
84 308
84 499
84 503
84 504
84 556
84 607
84 609
84 636
84 663
84 745
84 836
84 846
84 888
84 924
84 930
84 945
84 987
85 119
85 123
85 234
85 251
85 520
85 536
85 616
85 621
85 646
85 710
85 787
85 811
85 815
85 816
85 830
85 836
85 840
85 871
85 900
85 921
85 964
86 200
86 205
86 242
86 477
86 480
86 488
86 660
86 670
86 679
86 691
86 727
86 731
86 794
86 807
86 848
86 895
86 952
86 990
86 995
87 226
87 319
87 451
87 546
87 555
87 617
87 621
87 638
87 664
87 706
87 821
87 823
87 930
87 948
87 963
88 115
88 132
88 162
88 189
88 191
88 322
88 433
88 450
88 561
88 582
88 599
88 649
88 703
88 708
88 726
88 733
88 796
88 876
88 956
88 983
88 992
89 111
89 116
89 160
89 215
89 217
89 234
89 338
89 345
89 519
89 541
89 600
89 608
89 620
89 621
89 628
89 732
89 802
89 834
89 878
90 181
90 328
90 409
90 435
90 465
90 506
90 511
90 528
90 617
90 707
90 836
90 871
90 877
90 979
91 95
91 112
91 139
91 152
91 190
91 204
91 307
91 378
91 422
91 467
91 532
91 561
91 636
91 796
91 798
91 846
91 986
92 118
92 154
92 187
92 206
92 225
92 269
92 305
92 351
92 355
92 360
92 426
92 458
92 601
92 627
92 764
92 781
92 847
92 945
93 212
93 224
93 263
93 287
93 299
93 317
93 396
93 461
93 463
93 590
93 707
93 797
93 845
93 877
93 911
93 922
94 131
94 145
94 161
94 190
94 219
94 259
94 349
94 358
94 367
94 373
94 378
94 446
94 487
94 495
94 565
94 688
94 748
94 816
94 945
95 139
95 193
95 215
95 226
95 239
95 300
95 332
95 527
95 528
95 667
95 690
95 772
95 824
95 861
95 875
95 996
96 139
96 277
96 492
96 784
96 800
96 816
96 819
96 893
97 132
97 143
97 233
97 374
97 392
97 396
97 472
97 484
97 485
97 498
97 530
97 580
97 603
97 729
97 762
97 784
97 811
97 925
97 950
97 968
98 113
98 205
98 272
98 345
98 379
98 463
98 499
98 522
98 526
98 558
98 604
98 623
98 655
98 665
98 689
98 705
98 836
99 159
99 179
99 195
99 216
99 237
99 302
99 308
99 318
99 339
99 357
99 380
99 398
99 407
99 491
99 522
99 600
99 652
99 664
99 673
99 725
99 785
99 799
99 861
99 970
100 114
100 206
100 252
100 262
100 283
100 298
100 349
100 363
100 410
100 436
100 444
100 481
100 508
100 513
100 612
100 626
100 634
100 701
100 708
100 763
100 866
100 895
100 968
100 983
101 110
101 133
101 345
101 365
101 375
101 554
101 649
101 766
101 836
101 848
101 872
101 891
101 947
102 204
102 262
102 289
102 362
102 365
102 384
102 391
102 423
102 424
102 710
102 746
102 755
102 812
102 842
102 864
102 891
102 987
103 190
103 272
103 370
103 380
103 426
103 573
103 634
103 700
103 801
103 873
103 874
103 912
104 182
104 241
104 243
104 334
104 367
104 453
104 488
104 518
104 566
104 647
104 660
104 748
104 758
104 800
104 894
105 160
105 173
105 233
105 465
105 501
105 541
105 649
105 687
105 696
105 751
105 765
105 887
105 975
106 179
106 230
106 409
106 434
106 439
106 465
106 521
106 568
106 615
106 802
106 822
106 864
106 934
106 939
106 996
107 109
107 202
107 224
107 317
107 383
107 454
107 456
107 478
107 484
107 605
107 653
107 751
107 757
107 792
107 862
107 930
107 985
108 113
108 162
108 165
108 268
108 296
108 298
108 435
108 436
108 441
108 487
108 497
108 510
108 521
108 567
108 614
108 622
108 645
108 728
108 905
108 970
109 222
109 231
109 315
109 324
109 389
109 428
109 520
109 534
109 608
109 609
109 656
109 678
109 682
109 737
109 766
109 785
109 813
109 883
109 916
109 959
109 966
109 970
110 128
110 290
110 298
110 401
110 414
110 431
110 461
110 565
110 636
110 643
110 706
110 764
110 778
110 793
110 821
110 844
110 898
110 956
110 986
111 120
111 169
111 188
111 190
111 256
111 257
111 282
111 307
111 318
111 470
111 476
111 491
111 545
111 658
111 678
111 680
111 690
111 704
111 819
112 115
112 144
112 213
112 288
112 310
112 354
112 359
112 412
112 446
112 509
112 923
113 114
113 244
113 252
113 286
113 297
113 319
113 340
113 345
113 347
113 348
113 398
113 434
113 491
113 582
113 584
113 708
113 716
113 801
113 806
113 893
113 954
114 125
114 128
114 185
114 311
114 376
114 422
114 440
114 493
114 512
114 514
114 524
114 615
114 645
114 677
114 695
114 796
114 825
115 174
115 184
115 254
115 260
115 307
115 410
115 501
115 544
115 595
115 597
115 609
115 622
115 702
115 789
115 817
115 959
115 980
116 176
116 229
116 325
116 374
116 383
116 498
116 608
116 661
116 688
116 690
116 758
116 832
116 835
116 866
116 914
116 942
116 990
117 121
117 296
117 309
117 350
117 385
117 396
117 407
117 498
117 519
117 559
117 618
117 638
117 668
117 676
117 677
117 818
117 832
117 873
117 918
117 981
118 124
118 151
118 196
118 250
118 262
118 270
118 299
118 394
118 401
118 434
118 514
118 517
118 568
118 629
118 649
118 706
118 771
118 774
118 783
118 829
118 830
118 837
118 892
118 905
118 938
118 996
119 199
119 242
119 410
119 445
119 542
119 546
119 637
119 666
119 691
119 767
119 823
119 887
119 913
120 152
120 160
120 171
120 185
120 192
120 412
120 491
120 531
120 594
120 595
120 604
120 630
120 674
120 684
120 713
120 726
120 745
120 766
120 768
120 783
120 914
120 919
120 955
121 230
121 298
121 354
121 357
121 505
121 511
121 606
121 635
121 730
121 732
121 740
121 815
121 952
121 966
121 972
122 126
122 134
122 174
122 266
122 331
122 398
122 427
122 558
122 573
122 642
122 719
122 734
122 798
122 809
122 894
122 918
122 924
123 173
123 249
123 272
123 322
123 331
123 541
123 559
123 617
123 619
123 634
123 778
123 829
123 852
123 878
123 949
124 216
124 291
124 397
124 573
124 588
124 659
124 664
124 679
124 716
124 764
124 851
124 934
124 952
124 984
124 992
125 179
125 245
125 274
125 281
125 282
125 317
125 422
125 516
125 607
125 646
125 663
125 696
125 722
125 783
125 958
125 964
126 286
126 449
126 508
126 602
126 634
126 636
126 677
126 720
126 783
126 795
126 821
126 833
126 887
126 942
126 948
126 967
127 208
127 336
127 495
127 623
127 634
127 687
127 728
127 812
127 854
127 860
127 870
127 873
127 910
128 129
128 160
128 180
128 183
128 239
128 240
128 322
128 400
128 505
128 618
128 708
128 742
128 817
128 997
129 211
129 287
129 295
129 365
129 388
129 670
129 752
129 814
129 833
130 139
130 144
130 171
130 176
130 219
130 221
130 274
130 413
130 429
130 447
130 458
130 561
130 895
130 963
131 278
131 290
131 331
131 358
131 492
131 594
131 705
131 711
131 778
131 794
131 848
131 917
132 136
132 175
132 200
132 256
132 315
132 317
132 319
132 332
132 346
132 361
132 466
132 498
132 612
132 689
132 724
132 747
132 768
132 844
132 856
132 886
132 929
133 207
133 213
133 235
133 320
133 339
133 344
133 380
133 395
133 456
133 534
133 567
133 639
133 709
133 769
133 810
133 837
133 857
133 893
133 897
133 987
134 187
134 452
134 514
134 610
134 649
134 652
134 677
134 732
134 888
134 915
134 937
134 974
134 992
134 994
135 316
135 364
135 414
135 423
135 448
135 498
135 602
135 630
135 700
135 701
135 704
135 760
135 763
135 800
135 815
135 858
135 906
135 971
136 163
136 180
136 299
136 325
136 455
136 457
136 481
136 544
136 579
136 627
136 648
136 736
136 764
136 868
136 871
136 880
136 960
136 997
137 164
137 176
137 249
137 272
137 303
137 326
137 374
137 406
137 422
137 427
137 442
137 498
137 585
137 624
137 647
137 705
137 729
137 777
137 786
137 833
137 873
138 318
138 330
138 342
138 414
138 445
138 453
138 519
138 532
138 537
138 584
138 646
138 742
138 831
138 849
138 942
138 993
138 994
139 202
139 204
139 255
139 429
139 438
139 444
139 465
139 496
139 506
139 615
139 682
139 729
139 732
139 902
139 946
139 950
139 982
140 190
140 238
140 263
140 355
140 527
140 708
140 786
140 807
140 862
140 877
141 407
141 487
141 489
141 493
141 569
141 661
141 676
141 760
141 799
141 873
141 962
142 219
142 291
142 358
142 382
142 399
142 569
142 579
142 593
142 656
142 721
142 731
142 745
142 793
142 895
142 991
143 168
143 279
143 329
143 390
143 404
143 473
143 487
143 502
143 528
143 544
143 567
143 581
143 614
143 616
143 670
143 690
143 739
143 781
143 853
143 979
143 983
144 184
144 208
144 285
144 288
144 331
144 442
144 632
144 659
144 666
144 807
144 863
144 907
144 951
144 970
144 997
145 223
145 240
145 338
145 362
145 366
145 392
145 403
145 421
145 502
145 504
145 527
145 635
145 674
145 717
145 903
145 904
145 923
145 977
146 177
146 215
146 308
146 440
146 490
146 546
146 580
146 586
146 639
146 640
146 649
146 677
146 690
146 720
146 871
146 1000
147 358
147 427
147 434
147 438
147 447
147 450
147 493
147 530
147 702
147 852
148 169
148 171
148 218
148 268
148 270
148 291
148 352
148 356
148 455
148 460
148 502
148 577
148 655
148 693
148 724
148 774
148 863
148 902
148 925
149 239
149 289
149 363
149 448
149 489
149 576
149 580
149 698
149 713
149 717
149 750
149 805
149 808
149 827
149 909
149 924
149 944
149 985
150 175
150 210
150 230
150 238
150 380
150 387
150 520
150 556
150 673
150 734
150 750
150 813
150 816
150 819
150 852
150 865
150 971
151 169
151 183
151 201
151 203
151 308
151 309
151 392
151 432
151 457
151 529
151 556
151 562
151 645
151 685
151 691
151 813
151 818
151 819
151 849
152 162
152 224
152 249
152 252
152 318
152 535
152 614
152 619
152 627
152 644
152 722
152 751
152 869
152 901
152 903
152 909
152 957
152 959
152 974
152 990
153 218
153 261
153 316
153 376
153 459
153 544
153 552
153 567
153 584
153 640
153 654
153 675
153 722
153 749
153 793
153 869
153 872
153 884
153 982
154 185
154 253
154 396
154 443
154 446
154 486
154 495
154 520
154 558
154 584
154 642
154 729
154 806
154 823
154 937
154 947
155 199
155 276
155 398
155 441
155 458
155 546
155 596
155 620
155 671
155 840
155 857
155 859
155 863
155 943
155 963
155 964
156 175
156 252
156 301
156 342
156 487
156 514
156 539
156 561
156 573
156 680
156 718
156 753
156 793
156 955
156 982
156 991
157 214
157 279
157 334
157 375
157 477
157 571
157 579
157 606
157 610
157 619
157 672
157 689
157 759
157 773
157 798
157 823
157 856
157 900
157 1000
158 235
158 313
158 314
158 420
158 595
158 673
158 874
158 915
159 197
159 206
159 428
159 440
159 444
159 469
159 516
159 520
159 622
159 667
159 727
159 764
159 824
159 929
159 942
160 164
160 186
160 215
160 219
160 228
160 230
160 266
160 351
160 378
160 401
160 428
160 446
160 551
160 708
160 778
160 882
160 911
160 931
160 949
160 965
160 972
161 218
161 264
161 321
161 330
161 368
161 379
161 389
161 457
161 480
161 489
161 554
161 575
161 576
161 648
161 663
161 687
161 738
161 844
161 882
161 933
161 965
162 183
162 188
162 455
162 462
162 509
162 539
162 558
162 604
162 621
162 650
162 652
162 662
162 701
162 724
162 802
162 811
162 891
162 923
162 942
163 206
163 278
163 391
163 495
163 522
163 724
163 821
163 861
163 892
163 975
164 166
164 239
164 391
164 431
164 522
164 543
164 564
164 584
164 585
164 611
164 673
164 677
164 720
164 733
164 770
164 885
164 928
164 989
165 172
165 273
165 300
165 312
165 347
165 409
165 420
165 421
165 448
165 459
165 481
165 581
165 593
165 668
165 760
166 238
166 254
166 275
166 312
166 335
166 406
166 487
166 590
166 602
166 621
166 758
166 761
166 779
166 809
166 818
166 835
166 847
166 954
166 984
167 206
167 226
167 335
167 460
167 552
167 567
167 575
167 652
167 824
167 867
167 891
167 905
167 934
167 943
167 975
167 1000
168 216
168 303
168 369
168 379
168 406
168 408
168 460
168 462
168 473
168 479
168 481
168 517
168 533
168 546
168 549
168 618
168 623
168 652
168 777
168 783
168 784
168 811
168 841
168 864
168 877
168 918
168 977
168 982
169 171
169 196
169 268
169 309
169 345
169 349
169 533
169 555
169 635
169 688
169 735
169 799
169 839
169 902
170 200
170 206
170 239
170 263
170 304
170 305
170 691
170 714
170 718
170 738
170 929
171 203
171 232
171 263
171 275
171 284
171 290
171 310
171 370
171 478
171 566
171 617
171 685
171 739
171 794
171 866
171 902
172 202
172 233
172 258
172 264
172 310
172 323
172 481
172 484
172 491
172 502
172 698
172 699
172 701
172 735
172 758
172 813
172 815
172 898
172 946
172 975
173 248
173 337
173 386
173 431
173 534
173 576
173 707
173 736
173 744
173 801
173 897
173 920
174 191
174 269
174 322
174 333
174 335
174 377
174 505
174 525
174 582
174 619
174 625
174 678
174 804
174 858
174 913
174 914
175 211
175 343
175 437
175 445
175 468
175 487
175 502
175 575
175 584
175 636
175 645
175 742
175 752
175 787
175 798
175 835
175 872
175 904
176 177
176 363
176 457
176 464
176 532
176 631
176 639
176 677
176 791
176 875
176 945
176 949
176 954
176 987
176 996
177 212
177 234
177 241
177 246
177 286
177 331
177 384
177 431
177 550
177 582
177 605
177 615
177 696
177 745
177 883
178 209
178 222
178 276
178 373
178 378
178 413
178 587
178 655
178 699
178 720
178 766
178 922
178 942
178 953
179 200
179 252
179 309
179 326
179 392
179 411
179 477
179 491
179 492
179 591
179 653
179 823
179 834
179 886
179 897
179 903
180 263
180 307
180 338
180 521
180 709
180 732
180 754
180 838
180 845
180 855
180 870
180 873
181 190
181 242
181 250
181 291
181 439
181 459
181 485
181 554
181 560
181 692
181 700
181 724
181 847
181 892
181 960
182 209
182 410
182 453
182 521
182 539
182 606
182 680
182 743
182 747
182 767
182 784
182 842
182 952
183 317
183 576
183 666
183 676
183 716
183 794
183 796
183 807
183 909
183 911
183 1000
184 213
184 372
184 488
184 551
184 730
184 801
184 809
184 822
184 837
184 874
184 883
184 888
184 919
184 934
185 303
185 315
185 330
185 390
185 491
185 574
185 591
185 671
185 794
185 914
185 921
185 960
186 306
186 328
186 395
186 452
186 497
186 523
186 630
186 638
186 698
186 708
186 778
186 787
186 829
186 868
186 897
186 917
187 223
187 257
187 406
187 413
187 415
187 455
187 531
187 547
187 555
187 562
187 613
187 623
187 738
187 809
187 867
187 900
187 948
187 949
187 954
188 205
188 217
188 264
188 284
188 320
188 564
188 636
188 663
188 668
188 681
188 887
188 919
188 950
188 955
189 199
189 309
189 313
189 393
189 563
189 579
189 609
189 647
189 650
189 678
189 685
189 694
189 818
189 851
189 908
189 912
189 960
189 974
189 981
190 255
190 264
190 341
190 355
190 376
190 552
190 571
190 575
190 611
190 624
190 670
190 719
190 808
190 830
190 920
190 932
190 977
191 232
191 266
191 276
191 323
191 339
191 354
191 405
191 424
191 607
191 629
191 683
191 699
191 744
191 758
191 784
191 794
191 868
191 887
191 893
191 956
192 193
192 222
192 242
192 258
192 306
192 427
192 447
192 455
192 476
192 485
192 569
192 578
192 590
192 598
192 600
192 653
192 711
192 761
192 884
192 959
192 962
193 227
193 316
193 425
193 528
193 564
193 589
193 591
193 633
193 698
193 775
193 842
193 863
193 891
193 988
194 203
194 313
194 323
194 325
194 446
194 448
194 500
194 592
194 658
194 694
194 743
194 752
194 755
194 766
194 914
195 202
195 221
195 245
195 260
195 419
195 480
195 502
195 508
195 510
195 545
195 616
195 655
195 736
195 792
195 840
195 860
195 861
195 874
195 885
195 896
195 919
196 292
196 337
196 341
196 440
196 480
196 487
196 548
196 558
196 639
196 745
196 763
196 858
196 883
196 912
196 974
197 244
197 280
197 346
197 353
197 364
197 395
197 411
197 615
197 634
197 638
197 665
197 740
197 784
197 906
197 914
197 976
198 340
198 355
198 389
198 425
198 481
198 524
198 558
198 576
198 618
198 664
198 727
198 860
198 866
198 953
198 985
199 226
199 269
199 335
199 374
199 428
199 449
199 451
199 486
199 647
199 671
199 761
199 792
199 794
199 955
199 959
199 962
200 260
200 298
200 411
200 463
200 569
200 575
200 588
200 788
200 810
200 844
200 845
200 911
200 916
200 941
200 947
200 976
201 212
201 228
201 264
201 315
201 361
201 394
201 459
201 522
201 536
201 547
201 659
201 711
201 728
201 729
201 848
201 849
201 859
201 882
201 945
201 949
202 333
202 336
202 342
202 506
202 583
202 677
202 766
202 793
202 796
202 804
202 861
202 884
202 949
202 975
203 245
203 355
203 519
203 569
203 597
203 624
203 648
203 680
203 739
203 768
203 779
203 837
203 850
203 923
203 937
203 995
204 240
204 257
204 282
204 404
204 435
204 530
204 711
204 885
204 891
205 213
205 307
205 417
205 483
205 490
205 501
205 508
205 516
205 520
205 530
205 630
205 702
205 760
205 780
205 786
205 828
205 861
205 869
205 996
206 300
206 338
206 404
206 427
206 471
206 492
206 495
206 520
206 549
206 585
206 687
206 727
206 729
206 761
206 854
206 912
206 936
206 961
207 248
207 286
207 376
207 377
207 501
207 560
207 637
207 708
207 718
207 739
207 750
207 776
207 810
207 844
207 884
207 920
207 978
207 995
208 240
208 256
208 409
208 427
208 435
208 573
208 576
208 696
208 709
208 720
208 916
209 264
209 299
209 518
209 563
209 606
209 632
209 900
209 909
210 254
210 264
210 265
210 322
210 398
210 463
210 489
210 519
210 539
210 575
210 718
210 801
210 913
210 915
210 995
211 218
211 242
211 332
211 365
211 426
211 431
211 511
211 525
211 604
211 626
211 792
211 842
211 856
211 963
212 250
212 282
212 309
212 350
212 436
212 449
212 578
212 628
212 661
212 763
212 791
212 808
212 878
212 969
213 273
213 283
213 300
213 317
213 333
213 372
213 412
213 445
213 489
213 567
213 568
213 581
213 693
213 787
213 792
213 858
213 946
213 979
213 987
213 995
214 229
214 276
214 290
214 328
214 333
214 353
214 374
214 376
214 461
214 466
214 505
214 577
214 604
214 714
214 939
214 985
215 268
215 269
215 436
215 572
215 599
215 604
215 698
215 898
215 947
215 965
216 405
216 492
216 515
216 570
216 579
216 646
216 668
216 669
216 708
216 791
216 808
216 818
216 869
216 913
216 921
216 926
216 960
216 982
217 229
217 251
217 260
217 466
217 502
217 546
217 573
217 627
217 649
217 696
217 794
217 817
217 845
217 865
217 879
217 917
217 992
218 246
218 253
218 329
218 347
218 359
218 446
218 462
218 557
218 650
218 728
218 735
218 759
218 776
218 823
218 828
218 849
219 239
219 332
219 353
219 377
219 441
219 483
219 514
219 604
219 633
219 706
219 886
219 887
219 985
219 993
220 235
220 261
220 307
220 371
220 677
220 725
220 771
220 830
220 919
220 967
220 977
221 258
221 302
221 310
221 322
221 382
221 421
221 517
221 616
221 629
221 720
221 764
221 875
221 926
221 930
221 956
221 1000
222 311
222 334
222 366
222 371
222 498
222 521
222 526
222 672
222 717
222 724
222 767
222 770
222 803
222 912
222 957
223 330
223 367
223 517
223 545
223 578
223 592
223 605
223 619
223 807
223 815
223 832
223 837
223 910
223 933
224 348
224 350
224 386
224 418
224 555
224 624
224 638
224 640
224 656
224 804
224 806
224 870
224 925
224 951
224 975
225 245
225 320
225 327
225 347
225 354
225 418
225 531
225 571
225 630
225 647
225 747
225 766
225 769
225 770
225 816
225 864
225 892
225 928
226 249
226 259
226 261
226 289
226 381
226 388
226 403
226 455
226 456
226 493
226 544
226 550
226 576
226 583
226 612
226 624
226 731
226 734
226 760
226 771
226 808
226 867
226 895
226 934
226 952
227 319
227 328
227 336
227 345
227 359
227 405
227 433
227 443
227 498
227 503
227 569
227 602
227 617
227 654
227 658
227 664
227 752
227 862
227 985
227 995
228 240
228 251
228 353
228 358
228 372
228 426
228 563
228 670
228 684
228 698
228 701
228 704
228 766
228 778
228 854
228 867
228 954
228 974
228 992
229 327
229 530
229 546
229 593
229 625
229 646
229 725
229 746
229 786
229 821
229 839
229 862
229 867
229 919
229 975
229 980
230 252
230 392
230 417
230 435
230 532
230 587
230 657
230 712
230 727
230 766
230 850
230 855
231 338
231 358
231 385
231 460
231 526
231 650
231 707
231 721
231 791
231 809
231 828
231 932
231 952
232 254
232 319
232 363
232 377
232 388
232 441
232 601
232 725
232 755
232 791
232 830
232 864
232 887
232 903
233 246
233 276
233 358
233 407
233 473
233 496
233 507
233 538
233 556
233 725
233 741
233 874
233 911
234 237
234 249
234 298
234 300
234 306
234 346
234 415
234 513
234 523
234 619
234 646
234 706
234 732
234 790
234 792
234 794
234 841
234 994
235 249
235 268
235 331
235 385
235 393
235 415
235 416
235 460
235 469
235 475
235 489
235 497
235 520
235 551
235 558
235 574
235 579
235 613
235 631
235 642
235 757
235 832
235 908
235 910
236 241
236 335
236 402
236 449
236 462
236 527
236 548
236 552
236 593
236 708
236 768
236 777
236 785
236 843
236 942
236 959
236 972
236 988
237 270
237 282
237 373
237 385
237 454
237 544
237 551
237 582
237 585
237 631
237 632
237 689
237 716
237 884
237 954
237 975
238 256
238 306
238 348
238 415
238 451
238 468
238 564
238 591
238 666
238 691
238 698
238 825
238 920
238 966
238 990
239 246
239 392
239 504
239 524
239 530
239 575
239 584
239 613
239 614
239 676
239 746
239 848
239 870
239 935
239 960
240 319
240 419
240 552
240 569
240 625
240 691
240 759
240 776
240 778
240 808
240 817
240 875
240 891
240 892
240 937
240 978
241 245
241 249
241 286
241 483
241 515
241 538
241 594
241 614
241 649
241 846
241 909
241 950
241 985
242 247
242 257
242 351
242 416
242 531
242 539
242 562
242 564
242 587
242 627
242 668
242 670
242 713
242 715
242 797
242 811
242 946
242 978
242 988
243 252
243 290
243 358
243 447
243 461
243 469
243 475
243 481
243 484
243 495
243 537
243 545
243 562
243 614
243 736
243 788
243 823
243 828
243 865
243 887
243 971
244 262
244 406
244 416
244 448
244 463
244 488
244 535
244 546
244 559
244 580
244 592
244 791
244 811
244 857
244 867
244 891
244 909
245 263
245 275
245 305
245 316
245 333
245 368
245 443
245 501
245 538
245 631
245 660
245 703
245 768
245 798
245 807
245 858
245 928
245 933
246 350
246 375
246 412
246 423
246 455
246 458
246 502
246 531
246 532
246 579
246 633
246 668
246 672
246 734
246 920
246 958
246 999
247 254
247 309
247 369
247 462
247 575
247 641
247 698
247 715
247 741
247 803
247 854
247 866
247 964
248 267
248 320
248 336
248 339
248 341
248 364
248 381
248 393
248 457
248 733
248 793
248 837
249 256
249 316
249 369
249 385
249 400
249 453
249 471
249 499
249 556
249 558
249 576
249 583
249 590
249 599
249 836
249 897
249 898
249 902
249 916
249 960
249 999
250 391
250 440
250 509
250 510
250 513
250 538
250 587
250 619
250 784
250 884
250 899
250 973
250 985
250 999
251 317
251 372
251 380
251 400
251 416
251 571
251 709
251 744
251 795
251 832
251 852
251 981
251 987
252 254
252 377
252 518
252 530
252 534
252 564
252 661
252 692
252 737
252 834
252 875
252 879
252 921
253 284
253 302
253 329
253 348
253 352
253 419
253 588
253 689
253 756
253 980
254 297
254 378
254 382
254 448
254 494
254 539
254 571
254 589
254 655
254 744
254 888
254 892
254 981
254 998
255 284
255 387
255 391
255 393
255 403
255 486
255 542
255 557
255 612
255 796
255 804
255 933
256 260
256 302
256 306
256 307
256 319
256 457
256 489
256 516
256 534
256 644
256 755
256 770
256 807
256 874
256 889
256 892
256 941
257 266
257 291
257 456
257 469
257 483
257 494
257 519
257 562
257 578
257 585
257 614
257 630
257 691
257 743
257 786
257 825
257 856
257 866
257 914
257 941
258 272
258 298
258 325
258 369
258 438
258 460
258 567
258 674
258 701
258 878
259 334
259 355
259 464
259 590
259 664
259 687
259 696
259 759
259 774
259 807
259 817
259 844
259 854
259 901
259 934
259 976
260 442
260 498
260 574
260 637
260 672
260 731
260 746
260 796
260 817
260 878
260 905
260 932
260 971
261 396
261 439
261 514
261 529
261 536
261 556
261 566
261 570
261 692
261 805
261 822
261 827
261 835
261 841
261 869
261 874
261 889
261 904
261 991
262 324
262 353
262 382
262 402
262 487
262 515
262 534
262 647
262 669
262 677
262 766
262 841
262 869
262 882
262 942
262 944
262 949
262 958
262 962
263 289
263 335
263 345
263 420
263 437
263 505
263 518
263 680
263 763
263 773
263 775
263 841
263 879
263 897
263 974
263 981
264 273
264 284
264 401
264 405
264 422
264 428
264 548
264 589
264 745
264 803
264 834
264 873
264 898
264 921
264 943
264 991
265 271
265 302
265 442
265 453
265 488
265 498
265 589
265 697
265 713
265 741
265 744
265 796
265 829
265 983
266 376
266 396
266 397
266 405
266 478
266 485
266 487
266 508
266 529
266 558
266 665
266 696
266 703
266 706
266 843
266 903
266 942
266 975
266 986
267 377
267 381
267 479
267 482
267 483
267 825
267 828
267 838
267 913
267 950
267 971
268 355
268 356
268 382
268 408
268 478
268 772
268 773
268 792
268 828
268 848
268 905
268 912
268 986
268 996
269 278
269 307
269 349
269 510
269 643
269 757
269 763
269 792
269 826
269 863
269 998
270 290
270 291
270 329
270 422
270 425
270 473
270 483
270 531
270 540
270 596
270 598
270 741
270 811
270 853
271 367
271 422
271 459
271 556
271 620
271 644
271 732
271 752
271 923
271 927
271 928
271 946
272 337
272 353
272 462
272 514
272 571
272 797
272 835
273 282
273 481
273 548
273 565
273 688
273 752
273 761
273 779
273 785
273 810
273 820
273 856
273 907
273 915
274 330
274 346
274 385
274 386
274 448
274 449
274 522
274 530
274 553
274 559
274 617
274 638
274 668
274 690
274 783
274 837
274 854
274 928
274 946
274 960
275 278
275 356
275 360
275 384
275 434
275 536
275 564
275 631
275 649
275 855
275 945
276 334
276 418
276 617
276 690
276 782
276 838
276 863
276 874
276 911
277 288
277 437
277 483
277 529
277 539
277 556
277 590
277 599
277 632
277 655
277 769
277 866
277 877
277 978
277 988
277 998
278 281
278 318
278 347
278 358
278 407
278 418
278 440
278 460
278 510
278 638
278 645
278 735
278 785
278 833
278 886
278 892
278 900
278 909
278 978
279 337
279 370
279 373
279 409
279 412
279 461
279 525
279 530
279 547
279 577
279 627
279 635
279 799
279 823
279 831
279 842
279 896
279 912
280 370
280 372
280 395
280 413
280 454
280 460
280 507
280 592
280 640
280 663
280 738
280 763
280 807
280 922
280 971
280 996
281 317
281 325
281 334
281 344
281 373
281 515
281 545
281 577
281 602
281 621
281 706
281 746
281 837
281 841
281 865
281 968
282 369
282 403
282 433
282 451
282 462
282 479
282 568
282 620
282 638
282 676
282 720
282 889
282 907
282 917
282 922
283 306
283 378
283 421
283 439
283 491
283 513
283 535
283 596
283 689
283 748
283 866
283 886
283 890
283 967
283 974
283 978
284 293
284 316
284 398
284 513
284 548
284 561
284 620
284 638
284 670
284 686
284 703
284 729
284 749
284 757
284 844
284 857
284 937
284 944
284 986
285 587
285 736
285 800
285 938
285 951
285 961
285 990
286 361
286 407
286 409
286 426
286 612
286 676
286 680
286 699
286 720
286 723
286 744
286 821
286 863
286 890
286 891
286 900
286 931
287 314
287 333
287 334
287 404
287 437
287 484
287 501
287 543
287 559
287 567
287 682
287 726
287 790
287 802
287 936
287 987
287 994
288 310
288 313
288 371
288 449
288 497
288 530
288 589
288 600
288 673
288 767
288 794
288 817
288 891
288 933
288 959
288 981
289 324
289 354
289 465
289 499
289 518
289 598
289 607
289 624
289 634
289 776
289 833
289 898
289 974
290 391
290 456
290 502
290 508
290 621
290 626
290 630
290 644
290 721
290 797
290 918
290 951
290 996
290 1000
291 296
291 410
291 421
291 430
291 452
291 513
291 598
291 692
291 751
291 760
291 794
291 808
291 880
291 905
291 907
291 977
292 358
292 379
292 389
292 478
292 491
292 530
292 649
292 651
292 677
292 725
292 749
292 755
292 810
292 838
292 851
292 875
293 397
293 410
293 439
293 498
293 507
293 553
293 559
293 590
293 624
293 635
293 658
293 727
293 762
293 805
293 888
293 942
294 327
294 534
294 539
294 630
294 658
294 684
294 699
294 707
294 862
294 869
294 894
294 947
294 959
295 337
295 487
295 502
295 511
295 589
295 601
295 636
295 675
295 677
295 687
295 716
295 739
295 787
295 926
295 967
296 494
296 497
296 506
296 519
296 532
296 558
296 580
296 686
296 694
296 724
296 733
296 858
296 892
297 301
297 345
297 372
297 383
297 472
297 517
297 533
297 573
297 590
297 689
297 699
297 702
297 707
297 733
297 738
297 760
297 774
297 782
297 979
297 992
297 997
298 300
298 308
298 396
298 425
298 638
298 663
298 740
298 765
298 777
298 783
298 789
298 793
298 965
298 987
299 344
299 362
299 458
299 496
299 512
299 528
299 582
299 592
299 641
299 670
299 759
299 828
299 864
299 928
300 304
300 307
300 352
300 388
300 482
300 519
300 520
300 546
300 564
300 626
300 717
300 758
300 776
300 813
300 835
300 916
300 924
300 945
300 998
301 382
301 505
301 547
301 556
301 557
301 619
301 744
301 746
301 755
301 780
301 794
301 809
301 861
301 882
301 899
301 907
302 399
302 460
302 625
302 638
302 659
302 675
302 695
302 717
302 747
302 920
302 959
302 960
302 964
302 970
302 995
303 411
303 487
303 550
303 680
303 735
303 747
303 893
304 323
304 333
304 395
304 611
304 633
304 855
304 870
304 898
304 921
304 934
304 938
305 452
305 488
305 595
305 624
305 689
305 693
305 730
305 858
305 889
305 915
305 940
306 318
306 326
306 416
306 507
306 571
306 726
306 868
306 996
307 339
307 424
307 425
307 449
307 613
307 645
307 671
307 754
307 756
307 845
307 891
307 903
307 917
307 918
307 972
307 985
308 480
308 505
308 635
308 671
308 724
308 732
308 810
308 811
308 836
308 842
308 880
308 881
308 891
308 928
308 956
308 975
309 314
309 361
309 383
309 474
309 541
309 554
309 559
309 579
309 698
309 707
309 788
309 797
309 821
309 867
309 892
309 910
309 916
309 935
309 937
309 963
309 978
309 985
310 327
310 360
310 452
310 509
310 550
310 591
310 595
310 642
310 647
310 714
310 751
310 780
311 314
311 347
311 453
311 490
311 528
311 580
311 663
311 723
311 758
311 822
311 844
311 853
311 906
311 908
311 986
312 423
312 468
312 479
312 602
312 626
312 639
312 703
312 747
312 823
312 827
312 934
312 945
312 996
313 417
313 455
313 471
313 505
313 569
313 591
313 603
313 658
313 723
313 733
313 764
313 805
313 865
313 874
314 390
314 391
314 407
314 531
314 621
314 658
314 799
314 803
314 825
314 900
314 915
314 931
314 989
315 337
315 428
315 557
315 587
315 722
315 860
315 894
315 906
315 969
316 341
316 610
316 753
316 783
316 852
316 897
316 917
316 950
316 959
316 982
317 365
317 511
317 734
317 756
317 791
317 799
317 817
317 820
317 910
317 981
318 421
318 429
318 566
318 615
318 645
318 786
318 844
318 852
318 871
318 977
319 385
319 391
319 403
319 414
319 430
319 437
319 458
319 472
319 482
319 518
319 620
319 623
319 637
319 648
319 673
319 841
319 847
319 857
319 873
319 920
319 952
320 352
320 408
320 436
320 493
320 494
320 530
320 616
320 621
320 793
320 841
320 888
320 905
320 918
320 947
320 997
321 341
321 415
321 442
321 501
321 609
321 625
321 670
321 691
321 745
321 749
321 867
321 873
321 900
321 906
321 968
322 375
322 669
322 716
322 907
322 967
322 969
323 354
323 357
323 362
323 375
323 389
323 422
323 423
323 432
323 500
323 661
323 719
323 821
323 869
324 380
324 460
324 461
324 552
324 638
324 640
324 666
324 690
324 696
324 704
324 711
324 783
324 830
324 861
324 919
324 957
324 980
324 987
324 988
325 341
325 352
325 390
325 405
325 408
325 423
325 497
325 503
325 604
325 610
325 611
325 702
325 769
325 871
325 890
325 897
325 935
326 506
326 582
326 607
326 674
326 686
326 885
326 895
326 940
326 943
326 965
327 359
327 375
327 389
327 417
327 463
327 616
327 647
327 664
327 671
327 678
327 729
327 795
327 825
327 839
327 871
327 876
327 892
327 965
328 502
328 515
328 589
328 709
328 821
328 827
328 856
328 864
328 867
328 920
328 954
328 970
329 330
329 337
329 342
329 358
329 597
329 634
329 657
329 816
329 905
329 928
329 981
330 357
330 379
330 504
330 512
330 678
330 976
330 996
331 375
331 517
331 533
331 611
331 746
331 762
331 767
331 786
331 819
332 372
332 474
332 504
332 505
332 507
332 582
332 603
332 613
332 662
332 665
332 674
332 721
332 780
332 839
332 877
332 960
332 991
332 997
333 366
333 486
333 582
333 659
333 677
333 702
333 704
333 723
333 740
333 779
333 828
333 836
333 838
333 865
333 897
334 352
334 428
334 450
334 505
334 521
334 553
334 611
334 654
334 658
334 677
334 708
334 710
334 720
334 744
334 781
334 819
334 867
334 868
334 878
334 911
335 434
335 468
335 558
335 569
335 676
335 741
335 817
335 818
335 868
335 879
335 909
335 984
336 371
336 536
336 559
336 575
336 647
336 650
336 698
336 813
336 844
336 863
337 343
337 398
337 419
337 428
337 536
337 590
337 604
337 614
337 645
337 681
337 796
337 896
337 920
337 991
338 369
338 386
338 396
338 550
338 575
338 646
338 755
338 820
338 904
338 963
339 341
339 343
339 376
339 447
339 554
339 565
339 650
339 709
339 713
339 733
339 753
339 755
339 807
339 815
339 824
339 848
339 919
340 383
340 396
340 399
340 406
340 416
340 471
340 501
340 514
340 610
340 638
340 676
340 722
340 744
340 754
340 878
340 886
340 893
340 908
340 933
340 955
341 371
341 433
341 456
341 555
341 579
341 619
341 630
341 747
341 759
341 793
341 840
341 852
341 872
341 873
341 882
342 351
342 390
342 410
342 425
342 454
342 458
342 466
342 567
342 686
342 771
342 776
343 364
343 384
343 423
343 503
343 516
343 528
343 639
343 746
343 781
343 828
343 966
344 357
344 424
344 432
344 480
344 551
344 568
344 728
344 747
344 880
345 370
345 411
345 457
345 497
345 631
345 689
345 737
345 751
345 803
345 845
345 856
345 922
345 995
346 492
346 506
346 566
346 605
346 609
346 668
346 726
346 775
346 787
346 840
346 847
346 861
346 883
346 890
346 914
346 960
347 425
347 436
347 583
347 801
347 817
347 864
347 883
347 895
347 937
348 408
348 414
348 444
348 512
348 543
348 579
348 737
348 741
348 889
348 925
348 933
348 957
349 383
349 422
349 439
349 547
349 633
349 646
349 668
349 685
349 714
349 719
349 737
349 798
349 800
349 837
349 847
349 883
349 931
349 985
350 378
350 379
350 381
350 499
350 557
350 601
350 629
350 636
350 739
350 821
350 851
350 875
350 944
350 948
350 982
351 494
351 526
351 568
351 603
351 611
351 621
351 635
351 720
351 825
351 846
351 974
352 356
352 369
352 520
352 538
352 544
352 554
352 608
352 978
353 437
353 440
353 445
353 487
353 541
353 602
353 644
353 690
353 708
353 715
353 760
353 764
353 785
353 849
353 850
353 914
353 948
353 997
354 371
354 439
354 458
354 567
354 595
354 620
354 621
354 693
354 735
354 777
354 843
354 861
354 964
354 976
355 365
355 421
355 503
355 612
355 627
355 861
355 908
355 912
355 984
355 998
356 446
356 532
356 573
356 593
356 599
356 642
356 724
356 784
356 842
356 865
356 871
357 403
357 521
357 525
357 670
357 710
357 719
357 737
357 757
357 764
357 768
357 771
357 787
357 788
358 359
358 374
358 375
358 392
358 406
358 421
358 530
358 793
358 871
358 882
358 918
358 936
359 388
359 449
359 465
359 471
359 481
359 548
359 570
359 746
359 758
359 784
359 810
359 820
359 841
359 855
359 887
359 943
360 399
360 451
360 477
360 520
360 592
360 613
360 623
360 660
360 701
361 490
361 493
361 563
361 634
361 653
361 659
361 710
361 789
361 829
361 859
361 888
361 901
362 445
362 569
362 623
362 720
362 722
362 768
362 913
362 993
363 450
363 461
363 472
363 485
363 493
363 583
363 715
363 827
363 853
363 895
363 960
364 403
364 559
364 567
364 610
364 627
364 643
364 719
364 773
364 802
364 846
364 874
364 896
364 998
365 384
365 516
365 540
365 562
365 606
365 732
365 790
365 800
365 817
365 873
365 891
365 909
365 913
365 916
365 935
365 947
366 394
366 464
366 488
366 541
366 574
366 735
366 868
366 877
367 414
367 455
367 463
367 504
367 571
367 579
367 618
367 686
367 716
367 744
367 790
367 840
367 858
367 882
367 887
367 909
367 948
368 591
368 633
368 639
368 656
368 687
368 764
368 848
368 909
368 925
368 964
369 435
369 451
369 515
369 546
369 620
369 666
369 793
369 795
369 874
369 928
369 951
369 955
369 974
370 410
370 548
370 554
370 599
370 673
370 684
370 724
370 751
370 789
370 808
370 839
370 872
370 892
370 975
370 990
371 462
371 471
371 546
371 582
371 615
371 667
371 695
371 707
371 828
371 840
371 855
371 873
372 515
372 555
372 565
372 579
372 628
372 691
372 757
372 798
372 831
372 912
372 917
372 974
373 461
373 509
373 513
373 575
373 596
373 678
373 752
373 825
373 877
373 927
374 432
374 435
374 471
374 542
374 864
374 871
374 872
374 969
374 976
375 380
375 428
375 444
375 510
375 650
375 688
375 738
375 771
375 772
376 460
376 490
376 750
376 815
376 851
376 890
376 974
377 384
377 412
377 485
377 662
377 666
377 672
377 768
377 856
378 460
378 482
378 589
378 591
378 621
378 675
378 683
378 719
378 792
378 837
378 859
378 870
378 924
379 429
379 431
379 535
379 596
379 840
379 886
379 902
379 981
379 985
380 392
380 403
380 434
380 446
380 450
380 480
380 516
380 528
380 539
380 607
380 612
380 632
380 681
380 693
380 745
380 777
380 832
380 871
380 929
380 934
380 944
380 964
381 559
381 592
381 642
381 672
381 705
381 770
381 783
381 794
381 874
381 892
381 915
381 916
381 931
381 989
382 387
382 501
382 526
382 579
382 714
382 747
382 798
382 886
382 937
382 957
382 995
383 413
383 436
383 557
383 565
383 587
383 611
383 666
383 674
383 685
383 938
383 958
383 975
383 995
384 403
384 408
384 420
384 446
384 449
384 461
384 480
384 530
384 687
384 735
384 783
384 843
384 875
384 935
384 963
384 975
385 402
385 416
385 466
385 640
385 645
385 720
385 759
385 782
385 852
385 855
385 860
385 910
386 387
386 465
386 548
386 559
386 580
386 590
386 671
386 689
386 752
386 761
386 907
386 915
386 928
387 393
387 404
387 414
387 599
387 606
387 671
387 682
387 716
387 842
387 866
387 879
387 927
387 937
387 967
387 994
388 473
388 545
388 599
388 750
388 831
388 897
388 916
388 935
388 967
389 418
389 480
389 489
389 490
389 526
389 533
389 575
389 629
389 801
389 832
389 940
389 964
389 974
389 989
390 417
390 418
390 504
390 509
390 551
390 568
390 627
390 654
390 743
390 768
390 786
390 880
390 888
390 918
390 945
390 951
390 976
390 991
391 393
391 400
391 420
391 452
391 494
391 528
391 555
391 634
391 672
391 691
391 708
391 714
391 910
391 930
391 958
392 398
392 403
392 409
392 425
392 511
392 552
392 554
392 688
392 730
392 762
392 763
392 797
392 900
392 969
393 428
393 433
393 478
393 503
393 536
393 556
393 595
393 674
393 788
393 867
393 939
393 946
394 418
394 454
394 531
394 665
394 765
394 777
394 846
394 851
394 852
394 883
394 891
394 967
394 998
395 425
395 470
395 524
395 536
395 614
395 826
395 829
395 838
395 844
395 872
395 935
395 997
396 519
396 539
396 546
396 558
396 561
396 636
396 693
396 765
396 889
396 1000
397 429
397 457
397 466
397 474
397 496
397 534
397 610
397 626
397 640
397 648
397 673
397 688
397 710
397 713
397 773
397 790
397 813
397 826
397 927
397 951
397 1000
398 460
398 465
398 495
398 623
398 669
398 763
398 767
398 898
398 917
398 975
399 403
399 407
399 460
399 487
399 533
399 545
399 561
399 602
399 609
399 676
399 696
399 705
399 729
399 766
399 859
399 898
399 978
400 402
400 494
400 536
400 548
400 563
400 568
400 595
400 730
400 735
400 928
400 932
400 962
400 987
400 994
401 409
401 420
401 485
401 506
401 518
401 522
401 525
401 638
401 669
401 717
401 900
401 901
402 406
402 448
402 466
402 507
402 512
402 560
402 576
402 585
402 664
402 668
402 716
402 850
402 857
402 924
402 945
402 978
403 404
403 456
403 483
403 502
403 524
403 532
403 537
403 675
403 710
403 727
403 767
403 774
403 855
403 871
403 940
403 964
403 970
403 973
403 974
404 405
404 665
404 675
404 708
404 714
404 762
404 902
404 907
404 939
404 957
405 500
405 531
405 541
405 639
405 726
405 791
405 856
405 915
405 920
405 959
406 481
406 605
406 680
406 719
406 753
406 818
406 853
406 908
406 951
407 507
407 534
407 545
407 561
407 642
407 679
407 687
407 690
407 718
407 725
407 750
407 787
407 801
407 810
407 836
407 853
407 863
407 871
407 927
408 443
408 475
408 507
408 533
408 621
408 866
408 960
409 430
409 441
409 443
409 616
409 628
409 641
409 646
409 751
409 790
409 793
409 809
409 813
409 871
409 949
410 443
410 503
410 531
410 541
410 550
410 587
410 759
410 785
410 910
410 950
410 971
410 977
411 415
411 422
411 501
411 515
411 572
411 628
411 633
411 648
411 721
411 757
411 871
411 928
411 939
411 943
412 440
412 528
412 564
412 596
412 601
412 611
412 638
412 700
412 718
412 758
412 802
412 810
412 867
412 929
412 938
413 440
413 487
413 492
413 555
413 565
413 650
413 682
413 706
413 879
413 887
413 919
413 952
413 957
413 993
414 477
414 489
414 543
414 626
414 645
414 663
414 674
414 734
414 789
414 848
414 867
414 892
414 893
414 994
415 617
415 627
415 633
415 668
415 670
415 704
415 706
415 786
415 817
415 858
415 879
415 923
416 558
416 600
416 648
416 678
416 762
416 772
416 834
416 835
416 970
416 986
417 446
417 527
417 543
417 546
417 551
417 555
417 675
417 761
417 808
417 832
417 858
417 906
417 926
418 456
418 490
418 522
418 557
418 575
418 601
418 617
418 618
418 622
418 826
418 900
418 965
418 973
419 425
419 509
419 529
419 544
419 598
419 606
419 799
419 801
419 802
419 876
419 878
419 968
420 431
420 443
420 520
420 535
420 573
420 661
420 871
421 487
421 502
421 504
421 580
421 821
421 832
421 879
421 940
421 983
422 431
422 555
422 558
422 562
422 570
422 607
422 669
422 671
422 677
422 702
422 733
422 752
422 753
422 830
422 844
422 859
422 903
422 961
423 432
423 463
423 514
423 534
423 542
423 556
423 664
423 665
423 676
423 716
423 770
423 791
423 831
423 855
423 927
423 943
423 977
424 445
424 548
424 581
424 655
424 692
424 720
424 723
424 747
424 783
424 814
424 888
424 891
424 921
425 594
425 687
425 695
425 783
425 807
425 827
425 881
425 897
425 985
426 465
426 513
426 611
426 624
426 836
426 850
426 855
426 951
426 978
426 986
427 455
427 554
427 574
427 627
427 629
427 632
427 679
427 736
427 778
427 837
427 845
427 888
427 927
428 475
428 537
428 606
428 638
428 651
428 698
428 734
428 756
428 789
428 799
428 825
428 881
429 584
429 635
429 817
429 848
429 890
429 961
429 968
429 970
430 452
430 506
430 515
430 530
430 652
430 674
430 677
430 759
430 805
430 815
431 464
431 476
431 511
431 542
431 581
431 707
431 764
431 772
431 837
431 842
431 940
432 450
432 474
432 511
432 586
432 686
432 699
432 709
432 716
432 739
432 789
432 840
432 919
432 974
433 463
433 535
433 576
433 595
433 640
433 666
433 691
433 711
433 758
433 782
433 808
433 846
433 847
433 978
433 984
433 997
434 585
434 632
434 670
434 690
434 734
434 762
434 818
434 926
434 967
435 459
435 463
435 514
435 681
435 973
435 990
436 648
436 654
436 679
436 705
436 755
436 772
436 830
436 846
437 504
437 542
437 566
437 600
437 606
437 635
437 654
437 702
437 713
437 726
437 800
437 915
438 499
438 653
438 745
438 758
438 765
438 847
438 857
438 868
438 884
438 917
439 464
439 533
439 564
439 636
439 748
439 766
439 841
439 849
439 868
439 902
439 921
439 926
439 950
440 461
440 526
440 598
440 630
440 748
440 750
440 762
440 769
440 835
440 841
440 843
440 853
440 933
440 943
441 456
441 474
441 604
441 659
441 761
441 876
441 896
441 940
441 947
441 981
441 988
442 446
442 463
442 592
442 602
442 673
442 714
442 775
442 780
443 454
443 463
443 497
443 552
443 573
443 576
443 582
443 597
443 631
443 700
443 712
443 717
443 736
443 750
443 758
443 777
443 893
443 969
444 456
444 545
444 648
444 922
444 926
444 963
444 992
444 999
445 464
445 510
445 522
445 524
445 531
445 570
445 583
445 671
445 684
445 710
445 723
445 787
445 830
445 953
445 974
446 472
446 513
446 704
446 716
446 762
446 906
446 910
446 939
447 510
447 709
447 741
447 781
447 873
447 974
448 454
448 464
448 500
448 525
448 531
448 537
448 564
448 583
448 604
448 689
448 693
448 698
448 710
448 711
448 782
448 803
448 829
448 983
448 987
449 560
449 581
449 608
449 686
449 695
449 810
449 872
450 582
450 657
450 713
450 757
450 794
450 796
450 879
450 927
450 934
450 944
451 514
451 599
451 624
451 692
451 755
451 769
451 791
451 913
451 917
451 924
451 962
452 456
452 556
452 566
452 571
452 578
452 657
452 687
452 689
452 815
452 862
452 881
452 894
452 992
452 993
453 604
453 614
453 686
453 691
453 731
453 797
453 846
453 851
453 894
453 901
453 939
453 952
453 958
453 985
453 986
454 480
454 490
454 531
454 545
454 647
454 690
454 707
454 756
454 827
454 838
454 848
454 850
454 949
454 953
455 558
455 635
455 652
455 668
455 744
455 767
455 784
455 802
455 817
455 973
455 979
456 476
456 504
456 545
456 749
456 765
456 786
456 806
456 826
456 912
456 986
457 542
457 555
457 609
457 634
457 661
457 838
457 869
457 937
457 945
457 946
457 968
457 978
457 983
457 988
458 538
458 615
458 622
458 677
458 744
458 745
458 812
458 852
458 988
458 994
459 505
459 590
459 599
459 619
459 659
459 674
459 810
459 846
459 857
459 860
459 946
460 512
460 577
460 599
460 617
460 638
460 787
460 836
460 837
460 905
461 464
461 544
461 563
461 591
461 658
461 805
461 814
461 916
461 919
461 949
462 464
462 598
462 684
462 717
462 731
462 802
462 835
462 868
462 995
463 477
463 544
463 556
463 683
463 733
463 754
463 792
463 861
463 905
463 982
464 531
464 543
464 596
464 720
464 727
464 796
464 798
464 852
464 948
465 532
465 540
465 549
465 580
465 687
465 779
465 883
465 902
465 932
465 953
465 992
466 470
466 476
466 484
466 561
466 599
466 616
466 703
466 814
466 816
466 904
466 915
466 953
466 970
467 468
467 496
467 541
467 565
467 652
467 657
467 685
467 694
467 716
467 751
467 758
467 848
467 879
467 992
468 644
468 674
468 745
468 769
468 821
468 842
468 856
468 908
468 933
469 511
469 512
469 523
469 549
469 573
469 648
469 683
469 720
469 764
469 769
469 812
469 847
469 960
470 512
470 546
470 555
470 565
470 579
470 593
470 601
470 708
470 800
470 835
470 850
470 895
470 967
471 479
471 507
471 538
471 575
471 607
471 622
471 633
471 658
471 765
471 787
471 849
471 882
471 939
472 496
472 506
472 537
472 549
472 653
472 655
472 683
472 706
472 725
472 740
472 810
472 868
473 494
473 567
473 649
473 662
473 672
473 709
473 724
473 758
473 826
473 846
473 869
473 966
474 482
474 595
474 630
474 754
474 789
474 857
474 865
474 868
474 900
474 944
474 978
475 502
475 528
475 560
475 580
475 687
475 765
475 789
475 858
475 929
475 995
476 491
476 625
476 749
476 775
476 789
476 881
476 891
476 975
477 497
477 574
477 693
477 722
477 772
477 795
477 796
477 969
477 982
477 984
477 989
477 998
478 482
478 593
478 656
478 665
478 681
478 715
478 820
478 839
478 846
478 917
479 575
479 579
479 604
479 705
479 736
479 773
479 779
479 825
479 854
479 980
479 989
480 637
480 671
480 702
480 715
480 732
480 749
481 534
481 595
481 627
481 634
481 734
481 773
481 816
481 820
481 887
481 949
482 498
482 685
482 747
482 792
482 807
482 833
482 891
482 903
482 977
483 582
483 601
483 636
483 716
483 732
483 832
483 847
483 944
484 504
484 534
484 637
484 644
484 672
484 802
484 866
484 986
485 503
485 584
485 592
485 674
485 745
485 758
485 805
485 928
485 929
486 522
486 538
486 546
486 587
486 669
486 889
486 892
486 896
486 995
487 489
487 496
487 524
487 540
487 606
487 624
487 643
487 677
487 691
487 803
487 915
487 980
488 490
488 513
488 518
488 523
488 560
488 618
488 718
488 763
488 871
488 886
488 912
488 976
488 989
489 547
489 554
489 658
489 668
489 723
489 742
489 748
489 793
489 823
489 830
489 952
489 954
489 956
490 569
490 612
490 649
490 675
490 741
490 844
490 885
490 890
490 933
491 581
491 617
491 618
491 691
491 786
491 964
491 976
492 499
492 551
492 561
492 610
492 676
492 697
492 771
492 803
492 806
492 853
492 906
492 948
492 998
493 497
493 629
493 681
493 837
493 881
493 895
493 946
493 963
494 499
494 540
494 567
494 594
494 638
494 699
494 740
494 837
494 852
494 949
495 530
495 717
495 894
495 936
496 522
496 526
496 541
496 577
496 581
496 625
496 631
496 672
496 700
496 872
496 895
496 915
496 934
496 936
496 959
497 527
497 553
497 632
497 782
497 785
497 793
497 868
497 874
497 963
498 519
498 530
498 540
498 579
498 703
498 707
498 745
498 811
498 829
498 901
498 908
498 924
498 932
498 979
498 988
499 552
499 558
499 592
499 766
499 847
499 884
500 577
500 624
500 655
500 657
500 741
500 837
500 841
500 860
500 973
501 517
501 531
501 626
501 773
501 776
501 781
501 804
501 827
501 926
501 935
501 1000
502 508
502 512
502 522
502 553
502 560
502 683
502 690
502 772
502 780
502 781
502 890
502 925
502 952
502 968
503 543
503 564
503 608
503 629
503 636
503 645
503 684
503 736
503 743
503 803
503 831
503 841
503 853
503 953
503 972
504 688
504 777
504 871
504 873
505 591
505 622
505 721
505 765
505 782
505 805
505 923
505 924
506 743
506 744
506 782
506 794
506 805
506 957
507 560
507 647
507 764
507 806
507 821
507 891
508 537
508 559
508 577
508 582
508 694
508 697
508 726
508 730
508 736
508 783
508 813
508 872
508 895
509 528
509 534
509 551
509 650
509 664
509 668
509 771
509 777
509 839
509 878
509 911
509 923
509 980
509 999
510 519
510 576
510 596
510 701
510 750
510 804
510 942
510 947
510 983
511 831
511 858
511 907
511 945
511 993
512 756
512 768
512 820
512 839
512 862
512 891
512 918
512 949
512 979
513 519
513 521
513 546
513 549
513 755
513 767
513 780
513 816
513 845
513 850
513 905
513 936
513 977
514 555
514 607
514 675
514 737
514 768
514 779
514 803
514 895
514 967
514 993
515 537
515 580
515 586
515 684
515 722
515 726
515 850
515 899
515 930
516 548
516 596
516 644
516 678
516 703
516 773
516 837
516 864
517 588
517 636
517 658
517 659
517 669
517 692
517 716
517 730
517 795
517 828
517 912
517 940
518 538
518 561
518 565
518 635
518 691
518 710
518 730
518 851
518 892
518 897
518 968
519 583
519 593
519 625
519 633
519 636
519 715
519 785
519 822
519 824
519 843
519 866
519 869
519 927
519 951
520 557
520 593
520 747
520 822
520 825
520 836
520 873
521 578
521 588
521 624
521 680
521 705
521 779
521 875
521 890
521 920
521 937
521 944
521 967
521 995
521 997
522 551
522 648
522 751
522 835
522 867
522 937
522 966
523 581
523 586
523 595
523 686
523 696
523 716
523 739
523 745
523 773
523 789
523 826
523 840
524 656
524 732
524 775
524 800
524 825
524 871
524 891
524 906
524 921
524 996
524 997
525 533
525 535
525 540
525 544
525 621
525 634
525 698
525 739
525 784
525 892
525 901
525 927
526 632
526 658
526 698
526 725
526 759
526 765
526 787
526 793
526 860
526 879
526 951
527 550
527 632
527 642
527 647
527 664
527 714
527 744
527 769
527 770
527 899
527 939
528 560
528 643
528 674
528 827
529 570
529 600
529 609
529 913
529 950
530 596
530 611
530 634
530 668
530 685
530 706
530 766
530 841
530 876
530 977
531 535
531 609
531 629
531 655
531 710
531 784
531 823
531 927
531 937
531 951
531 964
531 976
532 562
532 648
532 699
532 753
532 759
532 775
532 802
532 845
532 879
532 945
533 571
533 611
533 705
533 744
533 773
533 786
533 788
533 858
533 885
533 927
533 929
533 953
533 976
534 580
534 601
534 609
534 671
534 694
534 718
534 749
534 800
535 574
535 595
535 686
535 730
535 804
535 830
535 912
535 957
535 993
536 585
536 590
536 643
536 680
536 735
536 742
536 760
536 786
536 802
536 855
536 895
536 940
536 979
537 783
537 785
537 814
537 824
537 886
537 908
537 966
538 539
538 580
538 601
538 623
538 627
538 686
538 713
538 753
538 765
538 786
538 821
538 986
539 606
539 810
539 829
539 843
539 862
539 903
539 918
539 998
540 625
540 725
540 733
540 824
540 908
540 950
541 576
541 615
541 658
541 705
541 708
541 719
541 793
541 827
541 831
541 838
541 858
541 886
541 923
541 956
541 961
541 967
542 544
542 590
542 631
542 764
542 782
542 903
543 570
543 581
543 582
543 608
543 705
543 821
543 879
543 892
543 905
543 906
543 931
543 956
543 979
544 559
544 608
544 627
544 681
544 685
544 711
544 812
544 913
544 918
544 936
544 970
545 561
545 587
545 629
545 655
545 705
545 874
545 914
545 965
546 605
546 653
546 755
546 787
546 805
546 812
546 853
546 896
546 915
546 985
547 559
547 628
547 631
547 633
547 635
547 707
547 792
547 798
547 801
547 892
547 912
547 948
548 556
548 563
548 582
548 636
548 640
548 730
548 731
548 739
548 806
548 922
548 946
549 679
549 721
549 739
549 821
549 843
549 938
549 953
550 556
550 612
550 680
550 681
550 686
550 779
550 814
550 879
550 885
550 999
551 563
551 593
551 650
551 676
551 679
551 694
551 708
551 710
551 713
551 716
551 722
551 738
551 807
551 828
551 849
551 902
551 953
552 632
552 649
552 688
552 691
552 719
552 778
552 852
552 894
552 915
552 932
552 938
552 949
552 966
553 648
553 728
553 814
553 844
553 864
553 912
553 934
554 624
554 676
554 710
554 757
554 830
554 862
554 870
554 898
554 951
555 671
555 689
555 705
555 787
555 856
555 873
555 879
555 882
555 921
555 977
555 998
556 634
556 670
556 672
556 697
556 705
556 867
556 880
557 598
557 702
557 724
557 728
557 797
557 799
557 884
557 935
557 944
557 952
558 580
558 717
558 729
558 783
558 946
558 959
559 692
559 694
559 922
559 932
560 586
560 737
560 765
560 777
560 860
560 945
560 963
560 969
561 657
561 686
561 705
561 710
561 757
561 773
561 787
561 900
561 941
561 984
562 585
562 668
562 695
562 755
562 758
562 781
562 796
562 833
562 857
562 936
562 988
563 592
563 703
563 717
563 732
563 747
563 768
563 846
563 899
564 569
564 583
564 667
564 696
564 796
564 871
564 889
564 941
564 962
564 989
565 572
565 606
565 612
565 618
565 704
565 710
565 877
565 903
565 951
565 983
566 624
566 630
566 643
566 658
566 708
566 788
566 803
566 864
566 896
566 999
567 638
567 730
567 789
567 803
567 808
567 874
567 904
567 921
567 928
567 945
567 989
568 642
568 697
568 746
568 759
568 794
568 866
568 879
568 966
569 596
569 773
569 790
569 802
569 810
569 856
569 872
569 926
569 958
569 978
569 980
570 613
570 626
570 650
570 776
570 833
570 844
570 865
570 887
570 983
571 606
571 716
571 730
571 801
571 874
571 883
571 885
572 607
572 610
572 656
572 708
572 740
572 768
572 818
572 951
572 967
573 700
573 790
573 809
573 825
573 878
573 889
573 911
573 929
573 999
574 637
574 681
574 747
574 795
574 801
574 923
574 942
574 984
575 580
575 681
575 878
575 910
576 585
576 625
576 644
576 663
576 753
576 803
576 948
577 645
577 714
577 800
577 813
577 859
577 866
577 896
577 927
577 938
577 969
578 614
578 699
578 726
578 742
578 838
578 841
578 862
578 886
578 901
578 941
578 1000
579 638
579 688
579 714
579 834
579 835
579 906
579 914
579 926
580 581
580 624
580 747
580 796
580 827
580 842
580 868
580 904
580 910
580 986
581 691
581 713
581 815
581 826
581 889
581 920
582 606
582 640
582 737
582 807
582 862
582 863
583 605
583 635
583 661
583 666
583 731
583 761
583 830
583 985
584 715
584 785
584 851
584 856
584 870
584 928
584 972
585 596
585 635
585 637
585 640
585 641
585 666
585 732
585 762
585 848
585 939
585 957
585 959
585 967
586 776
586 809
586 863
586 901
586 930
586 984
587 626
587 770
587 813
587 945
587 998
588 772
588 793
588 824
588 836
588 861
588 944
589 653
589 674
589 706
589 937
589 943
589 952
590 691
590 710
590 788
590 792
590 862
590 952
591 600
591 683
591 694
591 967
591 988
592 605
592 619
592 631
592 668
592 712
592 728
592 845
592 846
592 864
592 895
592 922
592 967
592 984
593 649
593 670
593 772
593 818
593 821
593 829
593 872
593 892
593 906
594 622
594 699
594 779
594 807
594 823
594 877
594 934
595 614
595 756
595 789
595 792
595 801
595 804
595 807
595 809
595 812
595 818
595 870
595 981
595 1000
596 620
596 649
596 685
596 710
596 853
597 629
597 659
597 675
597 720
597 754
597 871
597 893
597 895
597 934
597 945
598 648
598 684
598 737
598 761
598 763
598 922
599 643
599 648
599 715
599 746
599 769
599 846
599 880
599 958
600 627
600 706
600 708
600 731
600 828
600 888
600 899
600 901
601 690
601 806
601 826
602 732
602 754
602 769
602 792
602 807
602 868
602 941
603 612
603 638
603 694
603 711
603 751
603 795
603 867
603 910
603 940
603 981
603 986
603 995
604 715
604 722
604 772
604 791
604 798
604 811
604 896
604 936
604 973
605 615
605 624
605 671
605 677
605 864
605 900
605 928
605 944
605 975
606 637
606 638
606 671
606 718
606 735
606 769
607 739
607 763
607 814
607 848
607 939
608 653
608 819
609 694
609 699
609 760
609 988
609 993
610 661
610 708
610 805
610 820
610 866
610 988
611 628
611 699
611 717
611 723
611 747
611 748
611 791
611 861
611 900
611 925
611 949
611 963
612 661
612 680
612 741
612 750
613 681
613 682
613 749
613 809
613 839
613 970
614 632
614 670
614 699
614 703
614 712
614 765
614 777
614 861
614 996
614 999
615 670
615 704
615 736
615 737
615 839
615 904
615 966
616 619
616 627
616 637
616 657
616 720
616 769
616 802
616 854
616 934
616 982
617 738
617 739
617 828
617 833
617 916
617 957
617 971
618 692
618 711
618 745
618 751
618 787
618 827
619 695
619 705
619 816
619 875
619 881
619 891
619 958
619 999
620 673
620 749
620 772
620 796
620 879
620 893
620 914
620 932
620 943
620 987
621 635
621 647
621 818
621 834
621 869
621 886
621 893
621 947
621 967
622 647
622 692
622 765
622 785
622 798
622 822
622 848
622 900
622 916
622 922
623 725
623 828
623 877
623 901
623 917
623 925
623 937
623 944
623 967
624 680
624 693
624 788
624 837
624 857
624 912
624 915
624 936
624 942
625 701
625 703
625 783
625 797
625 802
625 862
625 916
625 977
626 849
626 871
626 950
627 680
627 774
627 811
627 883
627 943
627 949
627 966
627 969
628 671
628 758
628 781
628 834
628 901
628 945
628 985
628 1000
629 719
629 736
629 755
629 826
629 925
630 678
630 688
630 736
630 768
630 955
631 678
631 814
631 824
631 826
631 828
631 829
631 838
631 843
631 881
631 895
631 903
631 909
632 652
632 669
632 685
632 699
632 724
632 835
632 875
632 909
632 922
632 956
633 634
633 754
633 831
633 876
633 879
633 954
634 742
634 896
634 930
634 936
634 943
634 947
634 971
635 642
635 651
635 675
635 728
635 729
635 799
635 817
635 862
635 872
635 901
635 914
635 985
635 992
636 708
636 709
636 799
636 817
636 966
636 997
637 684
637 709
637 854
637 875
637 890
638 695
638 727
638 799
638 846
638 861
638 870
638 876
638 899
639 718
639 844
639 880
639 903
639 979
640 661
640 666
640 673
640 703
640 723
640 751
640 777
640 845
640 862
640 868
640 940
641 657
641 688
641 732
641 733
641 823
641 874
641 875
641 897
641 961
642 678
642 700
642 739
642 756
642 794
642 834
642 857
642 879
642 880
642 921
643 715
643 728
643 783
643 794
643 939
644 736
644 827
644 844
644 864
644 867
644 889
644 892
644 897
644 967
644 977
645 757
645 780
645 835
645 894
645 939
645 985
646 683
646 726
646 759
646 883
646 914
646 945
646 963
646 985
647 712
647 790
647 850
647 871
647 913
647 983
647 996
648 679
648 708
648 769
648 797
648 849
648 857
648 918
648 948
648 984
649 671
649 686
649 729
649 755
649 789
649 803
649 807
649 961
650 725
650 785
650 792
650 843
650 867
650 968
650 991
650 999
651 685
651 796
651 810
651 828
651 937
651 955
651 989
652 776
652 781
652 805
652 906
652 928
652 930
652 960
653 787
653 819
653 843
653 867
653 868
653 869
653 990
654 680
654 701
654 755
654 814
654 838
654 859
654 860
654 911
654 941
655 695
655 710
655 716
655 731
655 970
655 989
656 724
656 731
656 733
656 735
656 788
656 839
656 955
657 677
657 725
657 772
657 853
658 783
658 789
658 851
658 867
658 868
658 892
658 971
659 668
659 687
659 726
659 731
659 743
659 917
659 938
660 686
660 774
660 775
660 817
660 818
660 862
661 751
661 895
661 901
661 942
661 985
661 987
662 727
662 760
662 843
662 893
662 906
662 915
662 974
663 707
663 853
663 878
664 675
664 695
665 682
665 701
665 798
665 840
665 937
665 957
665 960
665 988
666 691
666 711
666 724
666 785
666 801
666 865
666 905
666 929
666 938
666 1000
667 727
667 739
667 753
667 773
667 854
668 691
668 702
668 705
668 748
668 839
668 863
668 901
668 945
668 960
669 803
669 835
669 861
669 889
669 914
669 986
670 751
670 834
670 845
670 858
670 898
670 961
670 976
671 725
671 816
671 821
671 850
671 894
671 899
671 928
672 759
672 775
672 818
672 842
672 900
672 929
672 993
673 693
673 699
673 855
673 888
673 958
673 974
674 764
674 941
675 846
675 880
675 938
675 951
676 840
676 866
676 908
676 985
677 692
677 755
677 761
677 769
677 807
677 817
677 865
677 886
677 922
677 943
677 951
677 988
678 830
678 857
678 872
678 898
678 971
679 703
679 727
679 764
679 862
679 997
679 998
680 715
680 772
680 946
680 961
680 977
681 799
681 865
681 887
681 953
681 980
682 685
682 713
682 733
682 905
682 910
682 915
683 738
683 764
683 836
683 863
683 906
683 954
683 978
683 988
684 716
684 806
684 826
684 877
684 947
685 700
685 715
685 882
685 915
685 941
686 745
686 757
686 769
686 780
686 847
686 941
687 721
687 737
687 794
687 812
687 832
687 923
687 949
687 984
688 711
688 828
688 845
688 883
688 898
688 963
689 733
689 738
689 741
689 762
689 930
689 948
689 982
690 708
690 845
690 848
690 932
690 982
691 728
691 746
691 765
691 796
691 798
691 840
691 863
691 929
691 937
692 699
692 727
692 824
692 850
692 862
692 943
692 994
693 886
693 995
694 771
694 828
694 855
694 924
694 947
695 844
695 875
695 998
696 735
696 754
696 990
697 832
697 873
697 877
697 921
697 970
697 994
697 995
698 798
698 825
698 981
698 988
699 775
699 806
699 839
699 866
699 878
699 900
699 973
700 722
700 801
700 812
700 838
700 854
700 887
700 895
700 948
701 714
701 736
701 809
701 841
701 881
701 920
701 929
701 974
701 986
702 724
702 742
702 769
702 812
702 818
702 910
702 926
702 940
703 773
703 804
703 818
703 822
703 880
703 976
704 741
704 749
704 830
704 957
704 965
704 989
705 821
705 945
705 998
706 750
706 791
706 828
706 849
706 887
706 943
707 719
707 761
707 783
707 798
707 911
707 962
708 805
708 884
708 968
709 723
709 771
709 818
709 834
709 876
709 877
710 761
710 860
710 888
711 739
711 799
711 845
711 872
711 883
711 958
712 860
712 886
712 933
713 904
713 912
713 976
714 732
714 819
714 865
714 872
714 921
714 967
714 991
715 718
715 789
715 800
715 849
715 877
715 944
716 728
716 773
716 781
716 904
716 932
717 731
717 780
717 897
717 900
717 963
718 750
718 765
718 837
718 876
718 918
718 920
718 960
718 966
719 752
719 892
720 732
720 741
720 791
720 939
720 942
720 998
721 750
721 794
721 850
721 885
721 918
721 928
721 982
722 729
722 744
722 875
722 966
723 756
723 777
723 813
723 826
723 967
724 797
724 836
724 892
724 899
724 933
725 894
726 758
726 784
726 793
726 801
726 879
726 993
727 790
727 794
727 889
727 905
727 931
727 934
728 739
729 736
729 781
729 808
729 835
729 866
729 910
729 917
729 957
730 767
730 805
730 806
730 817
730 822
730 823
730 824
730 854
730 886
730 905
730 911
730 915
730 930
730 955
730 981
731 739
731 831
731 867
731 985
732 832
732 860
732 940
733 775
733 781
733 782
733 784
733 896
733 945
733 969
734 755
734 781
734 814
734 815
734 875
734 876
734 898
734 916
734 919
734 926
734 928
734 929
734 955
734 978
734 998
735 810
735 907
735 961
735 1000
736 790
736 813
736 848
736 998
737 773
737 789
737 795
737 820
737 873
737 984
738 772
738 815
738 823
738 891
738 892
738 973
739 745
739 775
739 791
739 799
739 814
739 942
739 973
740 757
740 770
740 837
740 852
740 903
741 823
741 824
741 845
741 846
741 860
741 873
741 911
741 920
741 969
742 762
742 764
742 999
743 834
743 943
743 986
743 996
744 746
744 830
744 842
744 857
744 873
744 941
745 825
745 829
745 831
745 862
745 866
745 890
745 939
745 981
746 755
746 764
746 767
746 771
746 878
746 919
746 928
746 937
746 964
747 794
747 870
747 899
747 965
747 988
748 754
748 759
748 855
748 887
748 909
748 913
749 798
749 856
749 870
749 899
749 922
749 959
749 980
750 755
750 774
750 780
750 796
750 807
750 836
750 866
750 929
750 956
750 992
751 810
751 828
751 860
751 919
751 930
751 964
751 984
752 784
752 813
752 841
752 875
752 990
753 789
753 884
753 904
754 851
754 942
755 797
755 871
755 884
755 887
755 889
755 894
755 928
756 869
756 887
757 804
757 976
757 979
758 765
758 804
758 822
758 838
758 860
758 970
759 772
759 836
759 837
759 859
759 961
760 783
760 812
760 830
760 850
760 852
760 867
760 884
760 981
761 831
761 883
761 895
761 906
761 951
761 979
762 780
762 803
762 811
763 985
764 787
764 808
764 832
764 965
765 790
765 812
765 820
765 839
765 880
765 961
765 970
766 804
766 854
766 895
766 924
767 814
767 856
767 940
769 891
769 901
769 904
770 772
770 894
770 942
770 952
770 953
771 778
771 794
771 830
771 846
771 906
771 955
771 958
771 962
771 968
771 996
772 774
772 786
772 789
772 925
772 951
773 827
773 856
773 861
773 958
773 986
774 824
775 842
775 872
775 883
776 845
776 854
776 921
777 840
777 854
777 878
777 996
778 835
778 905
778 914
778 960
778 965
779 810
779 852
780 824
780 828
780 845
780 869
780 892
780 906
780 918
780 919
780 958
780 959
780 962
780 984
780 994
781 822
781 831
781 907
781 925
782 837
782 860
782 864
782 870
782 874
782 995
783 798
783 840
783 921
783 947
783 988
784 785
784 849
784 882
784 905
784 934
784 977
784 994
785 793
785 824
785 850
785 912
785 934
785 948
785 968
786 787
786 997
787 822
787 872
787 955
787 971
787 974
788 806
788 819
788 824
788 900
788 991
789 810
789 829
789 867
789 881
789 884
789 897
789 918
789 919
789 957
789 975
790 894
790 961
791 847
792 803
792 880
792 887
793 952
794 809
794 898
794 962
794 972
794 986
795 802
795 844
795 909
796 863
796 900
796 903
797 815
797 829
797 837
797 866
797 900
798 864
798 968
798 984
799 844
799 939
799 941
799 943
799 988
800 861
800 905
800 927
800 953
801 927
802 848
802 894
802 956
803 840
803 937
803 958
804 836
804 870
804 961
804 965
804 990
805 891
805 913
805 941
807 877
807 929
807 990
808 839
808 854
808 918
808 976
808 978
809 824
809 841
809 956
809 993
810 824
810 947
811 820
811 994
812 877
812 918
812 934
813 833
813 835
813 958
813 959
814 819
815 822
815 853
815 924
816 870
816 907
816 992
817 844
817 856
817 885
817 897
818 999
819 848
819 852
819 870
819 902
820 830
820 841
820 879
820 902
820 942
820 952
820 964
820 979
820 987
821 861
821 897
821 961
822 851
822 911
822 916
822 918
822 978
822 990
823 904
823 931
823 957
824 836
824 870
824 876
824 913
824 925
824 967
825 834
825 866
825 882
825 909
825 945
825 971
825 998
826 852
826 874
826 925
826 985
826 992
827 981
827 992
827 996
827 997
828 903
828 917
829 852
829 892
829 953
829 968
830 962
830 993
831 843
831 889
831 905
831 926
831 936
831 942
831 986
832 857
832 934
832 962
832 973
832 992
833 929
833 931
833 984
834 943
834 958
835 864
835 882
835 913
835 939
835 972
836 873
836 875
836 915
836 951
837 873
837 874
837 890
837 999
838 856
838 896
838 935
838 942
839 846
839 958
839 991
840 873
840 967
841 912
842 885
842 889
842 890
842 914
843 846
843 867
844 940
844 983
845 849
845 914
845 999
845 1000
846 881
846 900
846 915
847 874
847 890
847 975
848 947
848 951
849 912
849 971
850 874
850 922
850 952
850 974
850 992
851 863
851 877
851 904
851 1000
852 976
852 995
853 865
853 867
853 973
854 922
854 943
854 976
854 1000
855 893
855 999
856 887
856 911
856 988
857 909
857 933
857 949
857 992
858 920
858 946
858 995
859 883
859 931
862 884
862 920
863 898
864 868
864 908
864 909
864 937
864 965
865 935
865 952
865 993
866 894
866 986
867 883
867 948
868 915
868 920
868 939
868 967
868 992
869 922
870 942
870 990
871 920
872 998
875 961
876 928
876 941
876 972
876 985
877 931
878 905
878 982
879 894
879 974
879 994
880 882
880 923
880 950
880 951
880 994
881 883
882 908
882 929
883 929
884 898
884 939
884 946
884 960
885 918
885 938
885 965
885 979
885 986
886 903
886 947
887 957
887 998
888 905
889 999
890 943
890 963
890 968
890 986
891 933
891 956
891 974
892 961
892 993
893 963
893 976
893 979
894 908
894 930
895 905
895 916
895 952
896 898
896 905
896 952
896 971
896 980
897 922
897 931
897 937
897 942
898 905
899 910
899 949
900 947
901 943
902 923
902 960
903 937
903 955
904 961
906 998
907 964
908 922
911 914
911 915
911 980
912 996
913 914
913 958
913 981
914 936
914 953
914 963
915 927
915 974
916 941
918 936
919 959
919 989
920 962
920 975
921 937
921 953
921 984
922 942
922 956
922 957
922 993
922 998
923 944
923 980
925 928
925 959
926 952
926 953
926 980
928 968
928 978
929 972
931 944
931 975
931 993
931 998
932 960
933 935
933 983
935 954
936 979
936 982
939 972
940 960
940 969
942 945
942 983
945 947
945 973
946 989
948 989
948 995
949 968
950 988
951 965
951 988
954 992
954 995
955 968
956 995
956 999
957 963
957 982
959 963
963 997
964 977
964 983
964 984
964 995
966 970
976 989
981 1000
983 987
983 996
989 991
990 994
992 998
