500 6150
1 44
1 81
1 95
1 101
1 119
1 122
1 144
1 187
1 188
1 191
1 193
1 208
1 215
1 299
1 308
1 385
1 387
1 410
1 412
1 437
1 445
1 447
1 463
1 464
2 21
2 54
2 80
2 95
2 119
2 120
2 123
2 143
2 144
2 186
2 197
2 208
2 258
2 270
2 276
2 304
2 305
2 338
2 391
2 409
2 412
2 419
2 451
2 471
2 486
3 6
3 53
3 60
3 82
3 85
3 115
3 138
3 150
3 156
3 172
3 193
3 219
3 220
3 240
3 260
3 316
3 335
3 351
3 353
3 361
3 409
3 419
3 428
4 12
4 68
4 94
4 109
4 115
4 148
4 165
4 179
4 185
4 209
4 222
4 223
4 271
4 340
4 348
4 355
4 375
4 379
4 385
4 389
4 401
4 402
4 403
4 404
5 13
5 19
5 21
5 27
5 80
5 85
5 110
5 112
5 124
5 134
5 139
5 140
5 164
5 175
5 198
5 202
5 273
5 283
5 291
5 331
5 338
5 402
5 423
5 452
5 484
5 498
6 39
6 41
6 50
6 56
6 63
6 110
6 122
6 128
6 147
6 151
6 159
6 165
6 170
6 194
6 242
6 248
6 262
6 281
6 284
6 291
6 310
6 348
6 368
6 370
6 379
6 388
6 468
6 492
7 24
7 47
7 59
7 96
7 100
7 112
7 148
7 151
7 163
7 167
7 168
7 169
7 170
7 186
7 199
7 205
7 254
7 292
7 297
7 337
7 346
7 400
7 427
8 55
8 78
8 110
8 117
8 139
8 151
8 163
8 170
8 188
8 204
8 219
8 228
8 235
8 292
8 317
8 352
8 370
8 402
8 425
8 472
8 480
8 490
8 494
8 499
9 13
9 23
9 33
9 40
9 45
9 57
9 100
9 103
9 125
9 170
9 171
9 175
9 184
9 201
9 228
9 236
9 245
9 250
9 251
9 331
9 348
9 418
9 437
9 467
9 482
9 497
10 41
10 49
10 97
10 111
10 175
10 212
10 219
10 220
10 223
10 239
10 252
10 269
10 272
10 326
10 340
10 365
10 385
10 396
10 405
10 413
10 430
10 442
10 458
10 479
10 490
11 19
11 36
11 54
11 71
11 161
11 163
11 175
11 177
11 225
11 234
11 235
11 250
11 264
11 293
11 323
11 324
11 352
11 370
11 386
11 401
11 402
11 435
11 458
11 466
12 46
12 53
12 78
12 96
12 98
12 105
12 111
12 122
12 124
12 159
12 163
12 172
12 202
12 320
12 325
12 345
12 358
12 377
12 385
12 399
12 449
12 495
13 14
13 30
13 77
13 87
13 93
13 95
13 97
13 116
13 175
13 267
13 271
13 274
13 281
13 292
13 299
13 331
13 370
13 389
13 442
13 446
13 470
13 487
13 492
14 62
14 95
14 96
14 100
14 102
14 123
14 124
14 139
14 140
14 213
14 294
14 310
14 327
14 345
14 356
14 409
14 410
14 433
14 473
14 500
15 20
15 25
15 75
15 124
15 147
15 161
15 165
15 206
15 216
15 269
15 281
15 315
15 356
15 361
15 364
15 368
15 376
15 386
15 422
15 442
15 485
15 495
16 18
16 29
16 103
16 116
16 119
16 133
16 165
16 170
16 203
16 219
16 276
16 346
16 368
16 378
16 388
16 459
16 468
16 470
17 34
17 84
17 85
17 95
17 106
17 120
17 125
17 146
17 150
17 159
17 207
17 222
17 263
17 291
17 297
17 307
17 320
17 362
17 390
17 393
17 395
17 397
17 413
17 420
17 473
18 24
18 33
18 44
18 57
18 98
18 150
18 162
18 192
18 198
18 210
18 241
18 247
18 284
18 311
18 314
18 369
18 401
18 420
18 423
18 432
18 487
18 492
19 46
19 54
19 59
19 79
19 100
19 173
19 193
19 224
19 226
19 242
19 246
19 257
19 300
19 346
19 367
19 370
19 374
19 380
19 381
19 390
19 393
19 425
19 461
19 463
19 498
20 52
20 76
20 93
20 107
20 174
20 178
20 219
20 235
20 250
20 258
20 264
20 265
20 291
20 295
20 339
20 378
20 409
20 419
20 455
20 463
20 466
20 489
21 24
21 32
21 54
21 65
21 70
21 106
21 135
21 140
21 154
21 176
21 209
21 215
21 264
21 265
21 279
21 282
21 288
21 336
21 370
21 374
21 416
21 421
21 481
21 498
22 39
22 84
22 91
22 114
22 122
22 148
22 169
22 207
22 240
22 310
22 327
22 365
22 396
22 408
22 422
22 438
22 440
22 444
22 475
22 498
23 28
23 67
23 81
23 85
23 158
23 176
23 184
23 198
23 200
23 207
23 226
23 236
23 259
23 286
23 299
23 380
23 408
23 437
23 468
23 490
24 39
24 46
24 65
24 68
24 70
24 75
24 109
24 113
24 125
24 205
24 232
24 287
24 325
24 343
24 349
24 367
24 392
24 403
24 414
24 449
24 475
24 480
24 482
25 83
25 121
25 126
25 129
25 132
25 145
25 165
25 203
25 208
25 212
25 219
25 234
25 237
25 278
25 291
25 320
25 350
25 355
25 371
25 376
25 437
25 455
25 457
25 458
25 464
25 487
26 32
26 33
26 52
26 89
26 93
26 111
26 135
26 165
26 183
26 215
26 223
26 224
26 227
26 291
26 293
26 356
26 377
26 385
26 389
26 407
26 415
26 430
26 433
26 470
27 35
27 63
27 103
27 108
27 113
27 116
27 141
27 150
27 185
27 196
27 207
27 222
27 250
27 280
27 294
27 297
27 301
27 306
27 331
27 373
27 374
27 382
27 383
27 423
27 437
27 438
27 439
27 467
27 494
28 99
28 109
28 128
28 161
28 173
28 205
28 229
28 265
28 279
28 280
28 292
28 301
28 314
28 320
28 434
28 435
28 439
28 472
28 481
28 496
29 74
29 83
29 86
29 123
29 133
29 142
29 152
29 182
29 190
29 213
29 229
29 243
29 248
29 252
29 256
29 265
29 327
29 362
29 367
29 373
29 428
29 439
29 484
30 56
30 65
30 97
30 136
30 176
30 192
30 197
30 199
30 237
30 260
30 273
30 292
30 293
30 308
30 319
30 333
30 364
30 418
30 451
30 460
30 466
30 467
31 32
31 70
31 91
31 109
31 144
31 147
31 149
31 159
31 164
31 170
31 187
31 209
31 217
31 235
31 264
31 303
31 308
31 346
31 353
31 364
31 369
31 395
31 422
31 496
32 34
32 74
32 87
32 184
32 187
32 196
32 201
32 214
32 261
32 290
32 295
32 304
32 324
32 351
32 378
32 395
32 406
32 408
32 470
32 477
32 498
33 38
33 62
33 63
33 83
33 90
33 96
33 100
33 144
33 183
33 200
33 206
33 236
33 266
33 284
33 295
33 296
33 323
33 385
33 426
33 458
34 96
34 120
34 125
34 135
34 139
34 159
34 168
34 210
34 234
34 239
34 241
34 260
34 295
34 303
34 306
34 327
34 330
34 366
34 397
34 407
34 434
34 438
34 464
34 488
34 489
34 496
34 500
35 43
35 112
35 130
35 150
35 165
35 218
35 248
35 294
35 309
35 313
35 372
35 374
35 389
35 424
35 426
35 443
35 455
35 485
36 52
36 106
36 109
36 139
36 165
36 200
36 204
36 245
36 271
36 280
36 318
36 370
36 371
36 438
36 487
36 499
37 39
37 50
37 61
37 148
37 164
37 174
37 185
37 186
37 298
37 311
37 316
37 326
37 343
37 345
37 354
37 378
37 382
37 415
37 441
37 462
37 491
38 44
38 62
38 68
38 85
38 93
38 95
38 121
38 144
38 151
38 153
38 184
38 232
38 233
38 278
38 289
38 342
38 343
38 396
38 407
38 408
38 436
38 458
39 48
39 69
39 93
39 94
39 108
39 111
39 118
39 135
39 143
39 176
39 184
39 207
39 213
39 251
39 281
39 343
39 351
39 367
39 375
39 470
39 487
39 489
39 492
39 493
40 83
40 96
40 103
40 108
40 111
40 179
40 182
40 197
40 205
40 214
40 217
40 220
40 232
40 309
40 341
40 356
40 373
40 393
40 442
40 452
40 467
40 474
40 479
41 46
41 77
41 96
41 112
41 117
41 121
41 140
41 153
41 154
41 181
41 231
41 247
41 269
41 285
41 287
41 302
41 318
41 326
41 340
41 377
41 381
41 419
41 420
41 450
41 473
41 500
42 89
42 110
42 206
42 223
42 264
42 283
42 293
42 298
42 322
42 323
42 325
42 379
42 380
42 397
42 400
42 426
42 442
42 464
43 46
43 61
43 65
43 118
43 119
43 173
43 211
43 237
43 243
43 252
43 277
43 283
43 296
43 299
43 330
43 337
43 340
43 341
43 343
43 364
43 398
43 403
43 417
43 426
43 427
43 470
43 478
43 499
44 45
44 66
44 101
44 108
44 120
44 127
44 133
44 148
44 204
44 212
44 228
44 264
44 280
44 284
44 353
44 386
44 428
44 456
44 487
45 66
45 69
45 85
45 97
45 142
45 145
45 164
45 199
45 207
45 210
45 218
45 259
45 272
45 273
45 293
45 323
45 336
45 337
45 372
45 374
45 375
45 394
45 465
46 68
46 84
46 106
46 131
46 141
46 149
46 219
46 229
46 267
46 270
46 275
46 344
46 386
46 405
46 431
46 469
47 52
47 62
47 79
47 87
47 89
47 109
47 115
47 165
47 173
47 225
47 274
47 316
47 322
47 324
47 343
47 349
47 365
47 374
47 445
47 466
47 482
48 86
48 109
48 135
48 143
48 187
48 189
48 257
48 282
48 287
48 307
48 319
48 339
48 365
48 390
48 432
48 467
48 484
49 67
49 85
49 142
49 148
49 171
49 172
49 201
49 203
49 206
49 219
49 229
49 246
49 262
49 320
49 339
49 359
49 388
49 398
49 399
49 429
49 474
49 494
50 77
50 79
50 87
50 88
50 93
50 95
50 107
50 108
50 115
50 120
50 140
50 163
50 193
50 232
50 272
50 278
50 284
50 301
50 303
50 339
50 340
50 384
50 419
50 471
50 484
50 487
51 122
51 123
51 129
51 196
51 209
51 351
51 362
51 369
51 420
51 442
51 465
51 476
51 482
51 488
51 500
52 81
52 108
52 159
52 182
52 193
52 208
52 213
52 219
52 239
52 244
52 249
52 276
52 320
52 323
52 331
52 342
52 400
52 409
52 416
52 447
52 458
52 459
52 471
52 473
53 98
53 140
53 143
53 144
53 145
53 154
53 155
53 168
53 173
53 182
53 183
53 200
53 221
53 232
53 270
53 286
53 364
53 377
53 379
53 394
53 409
53 414
53 436
53 453
53 471
53 482
53 486
54 61
54 69
54 89
54 94
54 117
54 126
54 167
54 185
54 203
54 226
54 261
54 278
54 303
54 310
54 313
54 337
54 339
54 373
54 374
54 385
54 416
54 440
54 455
54 468
54 484
54 485
54 495
55 61
55 73
55 79
55 111
55 120
55 125
55 219
55 220
55 240
55 259
55 268
55 269
55 275
55 298
55 318
55 326
55 362
55 363
55 365
55 405
55 406
55 462
55 468
55 472
56 57
56 60
56 76
56 95
56 106
56 116
56 134
56 169
56 204
56 210
56 218
56 248
56 255
56 261
56 273
56 277
56 285
56 317
56 335
56 346
56 349
56 356
56 412
56 413
56 470
56 474
56 475
56 494
57 76
57 103
57 117
57 129
57 140
57 141
57 146
57 147
57 159
57 170
57 216
57 231
57 274
57 291
57 305
57 410
57 413
57 416
57 425
57 432
57 435
57 472
57 474
57 489
58 64
58 79
58 80
58 123
58 132
58 160
58 162
58 192
58 195
58 229
58 238
58 243
58 252
58 305
58 306
58 310
58 314
58 327
58 364
58 388
58 398
58 399
58 416
58 421
58 431
58 441
58 445
58 456
59 105
59 209
59 259
59 265
59 273
59 279
59 309
59 347
59 374
59 385
59 407
59 426
59 472
59 490
59 493
60 63
60 66
60 70
60 141
60 142
60 170
60 190
60 197
60 208
60 239
60 255
60 282
60 289
60 325
60 400
60 402
60 409
60 421
60 422
60 423
60 447
61 64
61 74
61 93
61 95
61 121
61 138
61 159
61 205
61 229
61 243
61 271
61 281
61 308
61 327
61 329
61 343
61 345
61 368
61 443
61 476
62 73
62 75
62 102
62 104
62 146
62 166
62 173
62 180
62 182
62 195
62 200
62 213
62 231
62 235
62 245
62 247
62 258
62 281
62 284
62 328
62 344
62 345
62 368
62 370
62 420
62 422
62 440
62 453
62 489
63 64
63 97
63 98
63 114
63 126
63 129
63 131
63 139
63 147
63 149
63 159
63 163
63 173
63 198
63 213
63 215
63 257
63 259
63 266
63 277
63 283
63 286
63 317
63 322
63 328
63 340
63 343
63 401
63 465
63 484
63 492
64 69
64 94
64 114
64 165
64 187
64 225
64 240
64 288
64 353
64 354
64 364
64 386
64 406
64 424
64 428
64 460
64 489
65 71
65 103
65 134
65 135
65 138
65 145
65 179
65 189
65 194
65 201
65 212
65 239
65 242
65 327
65 412
65 486
65 492
65 493
65 496
66 71
66 117
66 132
66 147
66 156
66 197
66 241
66 252
66 266
66 273
66 284
66 287
66 293
66 301
66 303
66 319
66 320
66 353
66 356
66 374
66 412
66 416
66 417
66 424
66 428
66 459
66 460
66 474
66 481
66 491
67 68
67 93
67 115
67 130
67 154
67 202
67 219
67 240
67 301
67 303
67 317
67 336
67 340
67 375
67 459
67 486
68 76
68 105
68 151
68 167
68 176
68 188
68 230
68 238
68 239
68 287
68 288
68 293
68 326
68 337
68 420
68 436
68 441
68 452
68 456
68 479
68 491
69 73
69 122
69 160
69 163
69 174
69 175
69 235
69 247
69 248
69 251
69 254
69 258
69 267
69 270
69 325
69 330
69 333
69 343
69 365
69 413
69 418
69 456
70 84
70 134
70 146
70 189
70 193
70 218
70 237
70 275
70 304
70 323
70 341
70 358
70 379
70 387
70 391
70 423
70 468
70 490
70 500
71 107
71 114
71 126
71 128
71 166
71 170
71 203
71 207
71 212
71 215
71 227
71 261
71 262
71 397
71 401
71 409
71 433
71 474
71 487
71 496
72 85
72 87
72 101
72 124
72 134
72 158
72 176
72 202
72 225
72 233
72 301
72 354
72 358
72 401
72 409
72 411
72 440
72 445
73 81
73 102
73 107
73 132
73 141
73 189
73 195
73 200
73 205
73 209
73 235
73 251
73 294
73 326
73 332
73 335
73 367
73 390
73 430
73 448
73 450
73 466
73 473
73 477
74 92
74 98
74 154
74 160
74 170
74 188
74 199
74 200
74 219
74 249
74 258
74 259
74 279
74 292
74 320
74 338
74 361
74 364
74 379
74 396
74 419
74 428
74 489
74 497
75 78
75 101
75 137
75 157
75 177
75 181
75 189
75 208
75 217
75 237
75 262
75 280
75 282
75 332
75 348
75 349
75 369
75 376
75 380
75 396
75 404
75 433
75 434
76 79
76 89
76 165
76 168
76 171
76 204
76 209
76 216
76 233
76 256
76 272
76 287
76 290
76 298
76 314
76 325
76 341
76 373
76 381
76 388
76 453
76 475
76 482
76 491
77 114
77 148
77 193
77 195
77 220
77 245
77 255
77 257
77 288
77 294
77 295
77 307
77 330
77 349
77 406
77 457
77 497
78 104
78 131
78 142
78 157
78 186
78 203
78 212
78 271
78 276
78 279
78 293
78 361
78 380
78 389
78 409
78 420
78 430
78 442
79 91
79 111
79 121
79 134
79 173
79 175
79 179
79 191
79 201
79 205
79 216
79 227
79 232
79 318
79 324
79 336
79 338
79 339
79 355
79 369
79 370
79 373
79 387
79 392
79 458
79 459
79 493
79 499
80 96
80 118
80 121
80 125
80 134
80 161
80 188
80 213
80 228
80 247
80 256
80 257
80 264
80 295
80 304
80 329
80 366
80 386
80 387
80 417
80 443
80 463
80 474
80 482
80 500
81 99
81 131
81 143
81 152
81 156
81 163
81 208
81 209
81 224
81 225
81 251
81 270
81 274
81 281
81 322
81 334
81 338
81 341
81 397
81 415
81 420
81 424
81 436
81 438
81 463
81 471
81 486
82 86
82 90
82 104
82 137
82 163
82 170
82 225
82 238
82 245
82 279
82 289
82 295
82 316
82 335
82 342
82 362
82 406
82 422
82 482
82 491
83 84
83 93
83 123
83 153
83 233
83 247
83 250
83 256
83 273
83 294
83 303
83 306
83 327
83 340
83 364
83 377
83 385
83 406
83 408
83 417
83 418
83 421
83 422
83 442
83 450
83 451
83 464
83 480
83 481
83 483
83 488
84 85
84 98
84 124
84 148
84 161
84 183
84 194
84 205
84 216
84 217
84 221
84 231
84 235
84 247
84 254
84 255
84 270
84 277
84 284
84 346
84 403
84 415
84 426
84 449
84 481
84 485
85 86
85 101
85 108
85 110
85 154
85 160
85 184
85 197
85 203
85 205
85 233
85 262
85 289
85 302
85 329
85 411
85 441
86 89
86 91
86 105
86 106
86 119
86 122
86 123
86 154
86 187
86 221
86 224
86 238
86 239
86 245
86 270
86 333
86 343
86 353
86 382
86 383
86 407
86 450
86 481
86 483
87 102
87 163
87 266
87 318
87 353
87 402
87 411
87 415
87 449
87 465
87 493
88 104
88 110
88 176
88 181
88 183
88 216
88 217
88 219
88 222
88 223
88 270
88 273
88 308
88 310
88 312
88 313
88 331
88 340
88 359
88 372
89 103
89 124
89 151
89 159
89 193
89 196
89 235
89 240
89 245
89 271
89 276
89 316
89 318
89 435
89 436
89 441
89 462
89 500
90 128
90 157
90 164
90 210
90 223
90 233
90 236
90 256
90 260
90 278
90 294
90 376
90 414
90 428
90 473
90 476
91 119
91 126
91 146
91 151
91 160
91 185
91 200
91 246
91 255
91 305
91 392
91 455
91 472
91 487
91 490
92 103
92 117
92 121
92 134
92 141
92 146
92 148
92 165
92 183
92 192
92 196
92 203
92 234
92 251
92 275
92 281
92 285
92 298
92 321
92 340
92 426
92 446
92 458
92 461
92 468
92 481
93 122
93 154
93 225
93 260
93 264
93 268
93 270
93 279
93 286
93 289
93 296
93 326
93 345
93 347
93 394
93 407
93 414
93 442
93 449
93 451
93 452
93 473
94 98
94 100
94 114
94 131
94 192
94 205
94 206
94 217
94 228
94 237
94 274
94 283
94 322
94 339
94 357
94 364
94 369
94 408
94 425
94 467
95 97
95 220
95 222
95 297
95 304
95 306
95 318
95 341
95 344
95 399
95 415
95 460
96 108
96 114
96 168
96 174
96 193
96 203
96 206
96 207
96 216
96 217
96 220
96 222
96 229
96 263
96 270
96 272
96 305
96 306
96 315
96 330
96 355
96 364
96 375
96 379
96 384
96 415
96 422
96 432
96 464
96 465
96 471
97 120
97 144
97 169
97 182
97 197
97 218
97 228
97 293
97 356
97 375
97 394
97 409
97 478
98 131
98 151
98 186
98 193
98 286
98 289
98 298
98 326
98 338
98 339
98 343
98 369
98 379
98 401
98 423
98 446
98 450
98 462
98 476
99 143
99 177
99 205
99 232
99 244
99 252
99 287
99 309
99 326
99 338
99 379
99 425
99 443
99 447
99 448
100 104
100 154
100 159
100 160
100 171
100 180
100 198
100 232
100 242
100 255
100 327
100 361
100 379
100 384
100 389
100 391
100 429
100 442
100 454
100 463
100 480
101 118
101 121
101 151
101 156
101 158
101 161
101 180
101 185
101 195
101 214
101 215
101 269
101 284
101 290
101 291
101 299
101 304
101 307
101 362
101 365
101 408
101 461
101 465
102 139
102 150
102 154
102 162
102 211
102 225
102 241
102 242
102 267
102 289
102 292
102 311
102 326
102 351
102 364
102 378
102 394
102 406
102 422
102 450
102 457
102 467
102 482
102 490
102 492
103 105
103 110
103 133
103 136
103 140
103 248
103 251
103 263
103 265
103 306
103 310
103 313
103 325
103 356
103 363
103 398
103 408
103 409
103 467
103 477
103 480
104 110
104 135
104 141
104 151
104 171
104 182
104 229
104 270
104 275
104 279
104 282
104 299
104 309
104 311
104 342
104 354
104 364
104 420
104 441
104 471
104 488
105 110
105 183
105 212
105 227
105 231
105 243
105 245
105 278
105 292
105 310
105 334
105 377
105 391
105 394
105 399
105 400
105 436
105 475
105 491
105 496
106 123
106 131
106 133
106 135
106 144
106 183
106 274
106 321
106 326
106 329
106 349
106 366
106 384
106 436
106 477
106 484
106 489
107 117
107 149
107 194
107 212
107 233
107 235
107 239
107 241
107 247
107 250
107 282
107 298
107 309
107 326
107 327
107 363
107 410
107 420
107 421
107 430
107 460
107 480
108 118
108 121
108 151
108 156
108 206
108 227
108 252
108 274
108 309
108 346
108 352
108 355
108 377
108 386
108 389
108 421
108 445
108 452
108 454
108 468
109 124
109 137
109 148
109 206
109 207
109 260
109 286
109 298
109 339
109 346
109 351
109 353
109 365
109 373
109 380
109 383
109 397
109 405
109 410
109 438
109 447
109 453
109 461
110 125
110 142
110 145
110 172
110 174
110 186
110 203
110 207
110 208
110 226
110 243
110 261
110 276
110 285
110 321
110 324
110 369
110 378
110 380
110 411
110 414
110 418
110 422
110 433
110 436
110 444
111 146
111 165
111 204
111 207
111 217
111 257
111 265
111 278
111 286
111 288
111 289
111 333
111 345
111 354
111 372
111 407
111 410
111 413
111 414
111 469
111 470
111 492
112 113
112 130
112 174
112 281
112 311
112 317
112 357
112 366
112 372
112 382
112 384
112 414
112 441
112 470
112 489
113 120
113 126
113 136
113 145
113 173
113 177
113 183
113 198
113 205
113 211
113 218
113 219
113 225
113 264
113 326
113 364
113 373
113 376
113 379
113 406
113 408
113 409
113 446
113 449
113 455
113 495
113 500
114 115
114 116
114 126
114 153
114 171
114 180
114 203
114 214
114 218
114 233
114 246
114 261
114 303
114 335
114 386
114 405
114 418
114 451
114 457
114 460
114 461
115 136
115 147
115 152
115 161
115 169
115 170
115 175
115 182
115 208
115 225
115 260
115 270
115 277
115 279
115 292
115 298
115 312
115 335
115 365
115 369
115 401
115 430
115 446
115 459
115 496
116 154
116 169
116 175
116 290
116 337
116 341
116 352
116 353
116 395
116 421
116 435
117 119
117 140
117 185
117 199
117 205
117 211
117 264
117 308
117 311
117 332
117 344
117 374
117 392
117 396
117 415
117 419
117 445
117 461
117 475
117 487
118 126
118 168
118 194
118 298
118 318
118 337
118 339
118 342
118 348
118 360
118 366
118 371
118 415
118 421
118 467
118 476
118 482
119 125
119 142
119 143
119 166
119 197
119 202
119 257
119 267
119 268
119 299
119 353
119 360
119 382
119 398
119 408
119 416
119 427
119 447
119 460
119 464
120 136
120 141
120 193
120 291
120 309
120 310
120 396
120 487
120 498
121 202
121 244
121 284
121 289
121 333
121 344
121 366
121 380
121 417
121 432
121 462
121 485
122 147
122 154
122 176
122 186
122 244
122 253
122 310
122 330
122 342
122 366
122 380
122 416
122 480
122 481
123 146
123 190
123 214
123 215
123 242
123 250
123 302
123 313
123 351
123 384
123 400
123 401
123 420
123 426
123 435
123 438
123 451
123 472
123 477
124 131
124 143
124 146
124 168
124 196
124 207
124 213
124 238
124 263
124 292
124 347
124 364
124 375
124 377
124 435
124 438
124 441
124 457
124 470
124 474
124 493
125 133
125 160
125 180
125 203
125 253
125 272
125 304
125 313
125 329
125 343
125 352
125 353
125 357
125 378
125 388
125 450
125 485
126 144
126 152
126 174
126 182
126 201
126 207
126 247
126 306
126 321
126 343
126 369
126 396
126 413
126 429
126 441
126 442
126 443
126 490
126 495
127 163
127 192
127 223
127 224
127 277
127 295
127 297
127 301
127 302
127 303
127 336
127 383
127 404
127 431
127 455
128 160
128 162
128 174
128 183
128 189
128 202
128 204
128 226
128 239
128 248
128 255
128 285
128 329
128 361
128 375
128 377
128 392
128 404
128 418
128 435
128 439
128 441
128 442
128 464
128 477
128 486
128 495
129 132
129 134
129 150
129 161
129 169
129 178
129 197
129 202
129 213
129 215
129 240
129 299
129 348
129 352
129 370
129 392
129 404
129 447
129 455
129 458
129 480
130 150
130 151
130 162
130 167
130 171
130 215
130 219
130 225
130 241
130 296
130 318
130 329
130 336
130 346
130 361
130 385
130 402
130 409
130 440
130 452
130 463
131 137
131 156
131 170
131 175
131 212
131 229
131 235
131 243
131 244
131 245
131 256
131 267
131 280
131 287
131 315
131 354
131 371
131 376
131 382
131 388
131 392
131 499
132 146
132 149
132 157
132 158
132 160
132 163
132 184
132 205
132 223
132 232
132 297
132 308
132 334
132 352
132 353
132 392
132 397
132 463
132 486
133 137
133 152
133 165
133 166
133 182
133 207
133 214
133 218
133 263
133 284
133 294
133 305
133 371
133 393
133 414
133 420
133 441
134 136
134 180
134 205
134 215
134 278
134 281
134 282
134 308
134 311
134 342
134 359
134 364
134 396
134 400
134 417
134 443
134 446
134 484
134 493
135 139
135 143
135 175
135 204
135 222
135 235
135 238
135 264
135 285
135 303
135 305
135 306
135 337
135 350
135 418
135 436
135 437
135 486
135 489
136 138
136 171
136 208
136 226
136 239
136 249
136 263
136 265
136 269
136 283
136 289
136 312
136 320
136 435
136 448
136 452
136 478
136 493
137 149
137 150
137 160
137 168
137 183
137 187
137 210
137 237
137 259
137 294
137 306
137 392
137 396
137 413
137 414
137 427
137 431
137 450
137 470
137 483
137 487
137 498
138 158
138 161
138 196
138 296
138 298
138 313
138 347
138 351
138 359
138 412
138 425
138 430
138 431
138 440
138 444
138 468
139 141
139 151
139 168
139 192
139 208
139 214
139 223
139 231
139 234
139 245
139 249
139 261
139 266
139 310
139 349
139 353
139 361
139 408
139 468
139 490
140 151
140 153
140 180
140 183
140 232
140 233
140 257
140 270
140 301
140 304
140 311
140 312
140 338
140 340
140 363
140 405
140 435
140 442
140 444
141 163
141 191
141 216
141 223
141 226
141 245
141 265
141 280
141 328
141 368
141 374
141 381
141 398
141 449
141 460
141 472
141 499
142 145
142 159
142 175
142 178
142 180
142 202
142 241
142 311
142 325
142 395
142 409
142 428
142 435
142 450
142 451
142 486
142 494
143 155
143 163
143 171
143 176
143 224
143 286
143 319
143 362
143 364
143 369
143 392
143 394
143 398
143 422
143 433
143 437
143 487
144 163
144 223
144 238
144 242
144 255
144 350
144 352
144 397
144 437
144 471
144 473
145 182
145 197
145 204
145 206
145 211
145 236
145 271
145 317
145 323
145 342
145 366
145 381
145 390
145 409
145 433
145 436
145 444
145 462
145 496
146 162
146 164
146 183
146 189
146 222
146 239
146 244
146 287
146 302
146 323
146 357
146 445
146 464
147 149
147 152
147 184
147 186
147 231
147 253
147 258
147 315
147 317
147 327
147 332
147 334
147 347
147 356
147 365
147 371
147 386
147 453
147 459
147 460
148 152
148 166
148 175
148 282
148 308
148 314
148 317
148 340
148 342
148 349
148 417
148 453
148 456
148 458
148 480
148 493
148 500
149 181
149 201
149 222
149 235
149 239
149 252
149 253
149 261
149 266
149 273
149 308
149 337
149 357
149 366
149 378
149 404
149 427
149 492
150 181
150 218
150 222
150 231
150 241
150 258
150 291
150 292
150 296
150 314
150 330
150 343
150 346
150 358
150 363
150 436
150 489
150 491
150 494
151 165
151 183
151 185
151 201
151 259
151 273
151 339
151 345
151 346
151 355
151 365
151 373
151 377
151 391
151 416
151 424
151 443
151 453
151 490
151 494
152 166
152 176
152 184
152 191
152 193
152 198
152 209
152 215
152 217
152 234
152 237
152 273
152 278
152 280
152 285
152 301
152 304
152 317
152 340
152 370
152 373
152 382
152 404
152 435
152 459
153 191
153 192
153 195
153 211
153 231
153 234
153 267
153 269
153 309
153 317
153 366
153 396
153 402
153 408
153 417
153 430
153 459
153 479
154 185
154 199
154 251
154 253
154 255
154 268
154 272
154 290
154 315
154 326
154 335
154 337
154 364
154 365
154 372
154 413
154 422
154 462
154 468
154 484
155 178
155 218
155 252
155 283
155 298
155 321
155 341
155 348
155 355
155 414
155 427
155 433
155 439
155 493
156 163
156 186
156 206
156 214
156 242
156 252
156 264
156 290
156 305
156 315
156 323
156 364
156 379
156 389
156 417
156 463
156 470
156 483
157 163
157 173
157 212
157 222
157 241
157 301
157 325
157 361
157 381
157 388
157 389
157 416
157 458
157 477
158 205
158 229
158 284
158 293
158 303
158 374
158 428
158 436
158 450
158 461
158 484
159 161
159 214
159 245
159 263
159 363
159 372
159 375
159 394
159 405
159 406
159 421
159 424
159 426
159 455
160 165
160 187
160 220
160 233
160 240
160 260
160 275
160 292
160 294
160 297
160 325
160 334
160 349
160 353
160 357
160 377
160 380
160 389
160 399
160 426
160 437
160 462
160 467
160 486
161 165
161 183
161 201
161 214
161 226
161 234
161 265
161 355
161 368
161 373
161 380
161 396
161 422
161 446
161 450
161 490
162 179
162 182
162 195
162 209
162 234
162 257
162 261
162 291
162 296
162 308
162 383
162 410
162 415
162 416
162 422
162 459
163 225
163 226
163 240
163 241
163 261
163 266
163 272
163 294
163 301
163 303
163 343
163 353
163 397
163 412
163 434
163 439
163 467
163 492
164 194
164 198
164 205
164 208
164 322
164 344
164 346
164 362
164 368
164 369
164 413
164 430
164 473
164 479
165 193
165 218
165 219
165 221
165 227
165 235
165 237
165 272
165 279
165 313
165 332
165 352
165 359
165 369
165 396
165 408
165 417
165 419
165 423
165 428
165 448
165 451
165 452
165 470
165 498
166 199
166 251
166 292
166 386
166 396
166 403
166 457
166 463
166 468
166 486
166 492
166 493
167 185
167 193
167 210
167 228
167 229
167 230
167 249
167 250
167 281
167 325
167 338
167 342
167 406
167 409
167 414
167 477
167 488
167 500
168 190
168 195
168 201
168 278
168 283
168 347
168 369
168 393
168 404
168 422
168 492
169 212
169 269
169 296
169 303
169 358
169 377
169 389
169 400
169 496
170 176
170 281
170 309
170 333
170 339
170 343
170 389
170 412
170 419
170 424
170 442
171 184
171 201
171 211
171 240
171 252
171 274
171 283
171 310
171 375
171 410
171 483
171 495
172 182
172 206
172 207
172 213
172 219
172 221
172 222
172 226
172 235
172 281
172 317
172 378
172 386
172 391
172 413
172 470
172 494
173 194
173 202
173 216
173 235
173 310
173 329
173 339
173 346
173 347
173 364
173 382
173 405
173 417
173 420
173 459
173 470
173 491
174 228
174 264
174 270
174 283
174 294
174 304
174 346
174 356
174 368
174 407
174 416
174 418
174 476
175 208
175 221
175 242
175 250
175 294
175 339
175 345
175 377
175 391
175 448
175 457
175 461
175 478
176 233
176 268
176 316
176 319
176 374
176 402
176 427
176 459
176 494
177 178
177 181
177 194
177 209
177 234
177 237
177 247
177 248
177 301
177 304
177 313
177 318
177 320
177 347
177 349
177 353
177 358
177 377
177 388
177 393
177 397
177 424
177 429
177 441
177 442
177 461
177 483
177 496
178 183
178 228
178 229
178 278
178 295
178 317
178 333
178 358
178 360
178 363
178 386
178 388
178 425
178 436
178 457
178 470
178 480
178 488
178 489
179 182
179 244
179 255
179 296
179 307
179 311
179 319
179 332
179 340
179 350
179 356
179 368
179 384
179 417
179 420
179 442
179 445
179 475
180 206
180 255
180 262
180 274
180 289
180 341
180 351
180 420
180 497
181 189
181 196
181 219
181 249
181 255
181 265
181 282
181 283
181 309
181 334
181 353
181 360
181 471
181 483
182 265
182 304
182 315
182 331
182 359
182 383
182 409
182 431
182 441
182 474
182 493
182 496
183 190
183 258
183 259
183 292
183 299
183 303
183 323
183 356
183 373
183 405
183 428
183 438
183 456
183 476
183 488
183 494
184 191
184 199
184 218
184 232
184 268
184 310
184 313
184 389
184 400
184 409
184 439
184 449
184 473
185 189
185 196
185 240
185 268
185 280
185 281
185 337
185 399
185 427
185 442
185 443
185 453
185 480
186 193
186 212
186 217
186 270
186 279
186 284
186 310
186 321
186 325
186 338
186 367
186 369
186 384
186 403
186 432
186 440
186 441
187 214
187 227
187 233
187 254
187 262
187 268
187 280
187 294
187 299
187 308
187 371
187 402
187 419
187 442
187 483
188 223
188 245
188 292
188 299
188 350
188 369
188 383
188 388
188 406
188 418
188 432
188 452
188 455
188 477
189 240
189 245
189 247
189 259
189 278
189 284
189 301
189 314
189 326
189 354
189 359
189 442
189 475
190 194
190 223
190 231
190 259
190 302
190 331
190 352
190 357
190 368
190 471
191 193
191 200
191 204
191 232
191 282
191 289
191 318
191 331
191 345
191 353
191 368
191 389
191 400
191 411
191 434
191 439
191 467
191 483
191 496
192 203
192 204
192 205
192 211
192 228
192 237
192 251
192 272
192 304
192 331
192 354
192 359
192 384
192 387
192 419
192 423
192 440
192 445
192 454
192 459
192 480
193 198
193 210
193 216
193 256
193 308
193 310
193 372
193 390
193 396
193 424
193 473
193 481
194 232
194 248
194 255
194 299
194 302
194 309
194 330
194 358
194 373
194 409
194 426
194 456
194 468
195 219
195 248
195 262
195 280
195 328
195 334
195 356
195 360
195 361
195 392
195 396
195 422
195 425
195 449
195 459
195 468
195 480
196 296
196 304
196 322
196 329
196 338
196 349
196 374
196 402
196 407
196 455
196 478
196 498
197 229
197 279
197 306
197 309
197 323
197 329
197 332
197 364
197 382
197 431
198 218
198 232
198 252
198 271
198 288
198 320
198 331
198 345
198 351
198 368
198 394
198 407
198 428
199 209
199 235
199 269
199 292
199 323
199 390
199 413
199 424
199 474
199 483
200 205
200 212
200 224
200 237
200 259
200 336
200 353
200 358
200 360
200 371
200 389
200 406
200 423
200 433
200 440
200 453
200 461
200 493
201 222
201 237
201 260
201 290
201 294
201 328
201 367
201 431
201 467
202 225
202 254
202 258
202 282
202 286
202 292
202 307
202 351
202 362
202 383
202 392
202 399
202 404
202 410
202 427
202 475
203 209
203 246
203 268
203 269
203 282
203 286
203 293
203 302
203 320
203 324
203 328
203 334
203 336
203 392
203 432
203 451
203 493
204 205
204 214
204 218
204 256
204 266
204 267
204 291
204 296
204 307
204 325
204 348
204 364
204 376
204 394
204 401
204 434
204 453
204 460
204 492
205 239
205 242
205 248
205 253
205 276
205 278
205 286
205 298
205 355
205 413
205 423
205 433
205 457
205 470
205 473
205 485
206 220
206 228
206 243
206 289
206 295
206 342
206 345
206 349
206 352
206 356
206 365
206 371
206 413
206 436
206 456
206 484
207 209
207 211
207 221
207 247
207 270
207 274
207 302
207 307
207 316
207 334
207 343
207 402
207 433
207 447
207 456
207 479
207 489
208 222
208 252
208 255
208 304
208 319
208 324
208 335
208 360
208 385
208 397
208 411
208 415
208 467
208 480
208 491
209 216
209 229
209 250
209 293
209 303
209 319
209 371
209 414
209 422
209 440
209 446
209 460
209 470
209 495
210 222
210 318
210 333
210 356
210 375
210 376
210 407
210 411
210 436
210 475
211 268
211 292
211 303
211 320
211 329
211 340
211 343
211 355
211 366
211 377
211 414
211 424
211 460
211 484
212 237
212 258
212 305
212 319
212 345
212 365
212 367
212 380
212 406
212 415
212 444
212 488
212 494
213 311
213 328
213 339
213 355
213 386
213 391
213 402
213 411
213 422
213 433
213 450
213 473
214 222
214 233
214 279
214 287
214 309
214 340
214 350
214 356
214 398
214 404
214 419
214 464
214 475
214 482
215 217
215 225
215 228
215 231
215 253
215 254
215 266
215 275
215 287
215 304
215 317
215 362
215 415
215 433
215 440
215 461
215 462
215 463
215 464
215 468
215 476
215 486
216 250
216 281
216 297
216 330
216 362
216 377
216 434
216 439
216 445
216 449
216 463
216 464
217 221
217 253
217 284
217 323
217 372
217 406
217 440
218 259
218 346
218 351
218 355
218 398
218 416
218 426
218 452
218 461
218 476
218 491
219 226
219 252
219 276
219 290
219 298
219 321
219 330
219 332
219 347
219 364
219 370
219 404
219 415
219 427
219 431
219 435
219 467
219 484
220 255
220 287
220 295
220 298
220 301
220 311
220 345
220 350
220 392
220 409
220 435
220 475
220 481
220 497
221 230
221 234
221 248
221 289
221 291
221 302
221 309
221 323
221 326
221 329
221 368
221 388
221 391
221 409
221 435
221 441
221 445
221 453
221 457
221 480
221 488
221 491
222 223
222 259
222 262
222 264
222 279
222 305
222 333
222 337
222 364
222 401
222 410
222 429
222 439
222 463
222 491
223 241
223 242
223 262
223 309
223 323
223 341
223 357
223 374
223 386
223 421
223 424
223 431
223 457
223 479
224 230
224 246
224 257
224 279
224 290
224 301
224 321
224 339
224 361
224 364
224 381
224 392
224 401
224 430
224 454
225 237
225 282
225 310
225 312
225 320
225 332
225 389
225 407
225 414
225 445
225 447
226 233
226 259
226 274
226 300
226 312
226 332
226 333
226 338
226 368
226 370
226 373
226 385
226 386
226 412
226 413
226 449
226 465
226 500
227 231
227 310
227 340
227 356
227 379
227 382
227 436
227 443
227 453
227 456
227 475
227 497
228 251
228 261
228 270
228 321
228 326
228 330
228 363
228 376
228 398
228 416
228 426
228 439
228 464
228 471
229 297
229 306
229 308
229 313
229 314
229 322
229 334
229 340
229 370
229 401
229 460
230 242
230 262
230 265
230 278
230 323
230 338
230 347
230 348
230 375
230 393
230 422
230 462
230 496
231 239
231 245
231 274
231 276
231 292
231 348
231 365
231 396
231 412
231 417
231 421
231 426
231 457
231 458
231 471
231 480
231 483
232 233
232 235
232 239
232 244
232 251
232 256
232 263
232 264
232 315
232 320
232 351
232 439
232 484
233 240
233 277
233 292
233 311
233 330
233 332
233 367
233 369
233 430
233 444
233 486
234 260
234 263
234 286
234 310
234 337
234 379
234 401
234 480
234 487
235 236
235 269
235 280
235 298
235 327
235 334
235 336
235 337
235 360
235 379
235 380
235 413
235 441
235 443
235 450
236 270
236 278
236 283
236 284
236 301
236 314
236 329
236 349
236 376
236 415
236 449
236 464
236 497
237 242
237 252
237 263
237 321
237 339
237 371
237 376
237 385
237 394
237 404
237 425
237 433
237 440
237 484
237 495
238 262
238 281
238 312
238 324
238 355
238 358
238 393
238 404
238 407
238 423
238 460
238 463
239 255
239 290
239 318
239 324
239 343
239 361
239 388
239 405
239 418
239 437
239 440
239 442
239 445
239 447
239 452
239 460
239 498
240 260
240 267
240 284
240 292
240 319
240 322
240 355
240 389
240 393
240 405
240 409
240 462
240 483
241 271
241 290
241 305
241 311
241 331
241 332
241 360
241 370
241 373
241 374
241 424
241 465
241 470
241 484
241 499
242 275
242 308
242 311
242 316
242 337
242 341
242 349
242 385
242 415
242 427
242 440
242 472
242 484
243 313
243 327
243 349
243 401
243 451
243 458
243 480
243 487
244 263
244 268
244 273
244 283
244 284
244 292
244 303
244 322
244 371
244 376
244 396
244 421
244 424
244 425
244 487
245 247
245 277
245 287
245 292
245 299
245 327
245 328
245 335
245 358
245 389
245 406
245 413
245 416
245 443
245 465
245 479
245 485
245 488
245 489
246 249
246 259
246 276
246 294
246 297
246 304
246 306
246 362
246 366
246 378
246 450
246 454
246 465
246 470
246 473
246 494
247 261
247 276
247 317
247 323
247 326
247 331
247 373
247 385
247 421
247 436
247 440
247 443
247 483
247 496
248 256
248 282
248 321
248 362
248 392
248 409
248 448
248 454
248 485
248 495
249 317
249 360
249 418
249 421
249 423
249 425
249 440
249 460
249 466
249 492
250 255
250 258
250 286
250 299
250 307
250 318
250 358
250 367
250 371
250 376
250 384
250 387
250 407
250 413
250 444
250 458
251 259
251 261
251 303
251 319
251 342
251 355
251 383
251 439
251 478
251 483
251 486
252 323
252 354
252 358
252 377
252 396
252 398
252 428
252 440
252 446
252 476
252 487
252 499
253 254
253 300
253 305
253 308
253 323
253 374
253 375
253 383
253 391
253 398
253 442
253 452
253 491
254 256
254 273
254 274
254 292
254 296
254 312
254 329
254 336
254 344
254 346
254 368
254 369
254 388
254 403
254 416
254 420
254 422
254 440
254 450
254 454
254 474
254 486
254 500
255 259
255 277
255 290
255 296
255 312
255 322
255 349
255 352
255 364
255 367
255 369
255 378
255 397
255 434
255 446
255 458
255 463
255 473
255 481
256 264
256 290
256 334
256 346
256 362
256 415
256 416
256 445
256 457
256 473
256 487
257 261
257 276
257 307
257 332
257 350
257 434
257 444
257 453
257 464
257 465
257 487
257 495
258 262
258 277
258 335
258 340
258 399
258 438
258 452
258 471
258 488
259 261
259 298
259 351
259 378
259 404
259 416
259 439
259 446
259 459
259 472
260 290
260 295
260 297
260 298
260 317
260 326
260 328
260 340
260 345
260 346
260 401
260 410
260 462
260 480
261 270
261 282
261 351
261 362
261 391
261 434
261 454
261 460
261 490
262 281
262 325
262 354
262 361
262 368
262 462
262 483
262 492
263 295
263 300
263 318
263 326
263 339
263 358
263 365
263 409
263 456
263 460
263 477
263 484
263 499
264 288
264 295
264 298
264 314
264 315
264 316
264 318
264 341
264 360
264 367
264 419
264 461
264 469
265 291
265 297
265 305
265 323
265 338
265 361
265 365
265 376
265 377
265 474
265 485
265 493
266 277
266 305
266 371
266 492
266 494
267 421
267 465
267 496
268 291
268 312
268 342
268 362
268 370
268 376
268 400
268 408
268 425
268 455
268 461
268 494
269 292
269 297
269 348
269 385
269 398
269 452
269 472
269 479
269 487
269 496
270 278
270 303
270 320
270 323
270 350
270 372
270 380
270 393
270 407
270 440
270 442
270 444
270 457
270 476
270 481
270 485
270 491
271 416
271 422
271 451
271 475
272 299
272 375
272 381
272 401
272 408
272 410
272 448
272 450
272 451
272 469
272 483
272 491
273 312
273 338
273 341
273 344
273 358
273 384
273 435
273 442
273 464
274 284
274 296
274 313
274 330
274 335
274 352
274 367
274 380
274 385
274 449
275 285
275 294
275 296
275 298
275 302
275 314
275 319
275 320
275 377
275 387
275 411
275 413
275 420
275 432
275 436
275 441
275 449
275 464
275 472
275 483
276 296
276 297
276 306
276 317
276 370
276 384
276 410
276 419
276 422
276 433
276 452
276 484
276 488
276 494
277 336
277 412
277 433
277 465
277 481
277 491
277 500
278 332
278 335
278 339
278 353
278 402
278 455
278 488
278 491
279 298
279 303
279 338
279 348
279 369
279 374
279 376
279 384
279 389
279 416
279 420
279 425
279 449
279 451
279 471
279 478
280 312
280 327
280 338
280 352
280 390
280 406
280 443
280 470
281 288
281 305
281 324
281 331
281 369
281 412
281 422
281 433
281 461
281 479
282 297
282 307
282 323
282 357
282 368
282 405
282 500
283 304
283 310
283 356
283 377
283 414
283 415
283 417
283 450
283 462
283 486
284 287
284 304
284 322
284 327
284 334
284 345
284 352
284 353
284 356
284 383
284 402
284 426
284 465
285 357
285 360
285 366
285 369
285 412
285 415
285 429
285 458
285 461
286 288
286 317
286 350
286 368
286 375
286 396
286 413
286 417
286 466
286 468
287 294
287 304
287 378
287 398
287 428
287 441
287 472
287 492
288 290
288 331
288 333
288 338
288 360
288 370
288 407
288 435
288 454
288 474
288 486
289 319
289 324
289 328
289 369
289 445
289 465
289 498
290 297
290 299
290 315
290 318
290 355
290 357
290 359
290 400
290 441
291 373
291 376
291 383
291 399
291 414
291 417
291 420
291 458
292 326
292 358
292 378
292 389
292 391
292 396
292 430
292 449
292 452
292 472
292 479
292 480
292 492
292 495
292 496
292 499
293 300
293 341
293 380
293 383
293 398
293 405
293 421
293 433
293 442
293 471
294 296
294 305
294 335
294 383
294 400
294 404
294 414
294 475
294 478
294 481
294 483
294 489
294 500
295 304
295 305
295 309
295 407
295 411
295 428
295 443
295 446
295 470
295 490
296 329
296 350
296 352
296 380
296 415
296 417
296 421
296 437
296 453
296 461
296 462
296 492
296 500
297 324
297 337
297 354
297 380
297 414
297 423
297 438
297 449
297 472
297 500
298 315
298 320
298 326
298 342
298 367
298 370
298 388
298 391
298 443
298 480
298 489
298 492
299 307
299 333
299 339
299 367
299 370
299 380
299 382
299 392
299 404
299 431
299 463
299 471
299 474
300 303
300 324
300 356
300 363
300 422
300 472
300 476
300 479
300 488
300 494
301 304
301 305
301 332
301 345
301 358
301 375
301 386
301 392
301 394
301 409
301 468
301 471
302 322
302 327
302 329
302 346
302 383
302 389
302 392
302 395
302 421
302 441
302 475
302 476
303 345
303 404
303 444
303 461
304 320
304 322
304 325
304 327
304 329
304 380
304 404
304 406
304 446
304 463
304 479
304 481
305 307
305 343
305 388
305 393
305 398
305 475
305 486
305 493
305 496
306 326
306 354
306 355
306 359
306 373
306 429
306 435
306 439
306 441
306 442
306 444
306 464
306 465
306 481
306 483
307 313
307 314
307 327
307 393
307 423
307 439
308 320
308 325
308 331
308 347
308 362
308 363
308 385
308 418
308 422
308 426
308 427
308 434
308 475
308 491
308 499
309 322
309 384
309 438
309 449
309 453
309 468
309 485
310 336
310 339
310 341
310 354
310 359
310 380
310 397
310 405
310 407
310 419
310 423
310 467
310 470
310 481
310 491
311 342
311 410
311 476
311 477
311 481
311 482
312 332
312 337
312 363
312 400
312 417
312 424
312 465
312 469
312 496
313 317
313 346
313 357
313 379
313 425
313 437
313 445
313 447
313 457
313 475
313 494
314 374
314 389
314 411
314 414
314 422
314 435
314 455
314 477
314 492
314 495
314 499
315 353
315 364
315 394
315 410
315 414
315 497
316 317
316 330
316 338
316 339
316 359
316 375
316 394
316 413
316 459
316 473
316 493
317 333
317 342
317 360
317 365
317 398
317 410
317 468
317 472
317 473
317 479
317 488
318 398
318 427
318 437
318 443
318 500
319 332
319 351
319 404
319 447
319 461
319 462
319 485
319 488
319 489
320 325
320 331
320 365
320 398
320 448
320 450
320 456
320 463
320 468
321 324
321 326
321 346
321 377
321 389
321 403
321 420
321 440
321 444
321 448
321 456
321 495
321 499
322 328
322 333
322 343
322 369
322 378
322 414
322 420
322 448
322 479
322 489
322 496
322 499
323 336
323 413
323 417
324 341
324 353
324 379
324 399
324 424
324 457
324 462
324 493
324 496
325 327
325 364
325 373
325 395
325 424
325 457
325 461
325 466
325 477
325 478
326 349
326 368
326 390
326 402
326 404
326 435
326 445
326 460
326 461
326 464
327 329
327 371
327 374
327 377
327 391
327 421
327 427
327 464
327 470
327 500
328 351
328 366
328 396
328 408
328 422
328 461
328 472
329 337
329 348
329 349
329 382
329 396
329 411
329 429
329 431
329 455
329 464
329 470
329 471
329 485
329 491
330 336
330 341
330 348
330 374
330 380
330 390
330 431
330 489
331 355
331 387
331 422
331 445
331 463
332 334
332 348
332 371
332 390
332 431
332 436
332 438
332 441
332 468
332 477
332 478
333 343
333 365
333 432
333 448
334 390
334 402
334 424
334 429
334 440
334 456
335 344
335 348
335 388
335 435
335 447
335 470
335 481
336 346
336 363
336 364
336 365
336 368
336 378
336 386
336 422
336 432
336 449
336 474
336 480
337 342
337 349
337 352
337 368
337 420
337 437
337 482
337 492
337 495
338 354
338 388
338 404
338 423
338 448
338 477
339 345
339 352
339 358
339 363
339 454
340 360
340 375
340 391
340 394
340 419
340 422
340 463
340 466
340 482
341 343
341 344
341 353
341 361
341 419
341 444
341 489
341 490
342 349
342 368
342 370
342 397
342 408
342 426
342 430
342 436
342 489
342 496
343 356
343 369
343 387
343 434
343 443
343 460
343 461
343 487
343 491
344 346
344 360
344 382
344 479
345 364
345 383
345 392
345 452
345 459
345 462
345 469
345 481
345 484
346 359
346 372
346 383
346 419
346 435
346 437
346 455
346 471
347 356
347 371
347 392
347 413
347 425
347 440
347 454
347 468
348 370
348 496
349 384
349 403
349 425
349 437
349 450
349 461
349 473
349 479
350 363
350 364
350 377
350 378
350 383
350 395
350 411
350 418
350 422
350 436
350 483
350 490
350 495
350 497
351 442
351 446
351 466
351 468
351 475
351 478
352 370
352 382
352 426
352 435
352 444
352 448
352 499
353 399
353 413
353 420
353 444
353 481
353 485
353 497
354 390
354 415
354 443
354 466
355 364
355 370
355 382
355 404
355 411
355 421
355 430
355 438
355 442
355 446
355 471
356 480
357 367
357 372
357 386
357 394
357 421
357 433
358 378
358 395
358 409
358 424
358 433
358 437
358 439
358 451
358 457
358 461
359 377
359 383
359 388
359 398
359 476
359 484
359 488
360 399
360 400
360 409
360 413
360 416
360 471
361 373
361 384
361 421
361 428
361 445
361 466
361 476
361 478
361 498
362 416
362 452
363 374
363 417
363 448
363 455
363 459
363 487
364 369
364 394
364 405
364 410
364 419
364 453
364 469
364 493
365 374
365 461
365 462
365 463
365 473
366 373
366 403
366 440
366 450
366 451
366 493
367 375
367 384
367 385
367 457
368 373
368 394
368 422
368 434
368 464
368 468
369 410
369 411
369 442
369 453
369 454
369 480
370 378
370 389
370 425
370 431
370 439
370 443
370 469
370 487
371 388
371 426
371 442
371 451
371 475
372 373
372 375
372 381
372 434
372 465
373 383
373 385
373 392
373 432
373 449
373 474
374 375
374 381
374 440
374 441
375 443
375 447
375 471
376 382
376 386
376 393
376 475
376 488
376 497
377 378
377 391
377 416
377 445
377 472
378 396
378 412
378 443
378 455
378 490
378 491
378 492
379 385
379 499
380 383
380 386
380 404
380 406
380 409
380 434
380 437
380 449
380 475
381 404
381 417
381 427
381 468
381 477
382 458
382 464
382 488
383 417
383 420
383 442
383 453
383 470
383 483
384 397
384 410
384 419
384 421
384 453
384 469
384 472
384 483
385 391
385 397
385 421
385 439
385 497
386 409
386 410
386 414
386 433
386 446
386 459
386 473
386 475
387 429
387 474
387 499
388 393
388 400
388 471
388 497
389 395
389 408
389 419
389 437
390 405
390 415
390 426
390 429
390 451
390 472
390 479
390 487
390 490
391 413
391 427
391 445
391 465
391 472
391 477
391 482
391 490
392 399
392 411
392 418
392 427
392 455
392 498
393 406
393 435
394 446
394 447
394 489
395 401
395 441
395 462
395 464
395 475
396 437
396 447
396 473
397 418
397 430
397 448
397 460
398 437
398 456
399 402
399 434
399 463
399 472
399 476
400 427
400 481
400 482
400 500
401 413
401 422
401 449
401 468
402 413
402 485
402 488
402 497
403 404
403 421
403 428
403 477
404 425
404 426
404 441
405 452
405 460
405 478
405 494
406 414
406 465
406 473
406 484
406 498
407 417
407 457
407 464
407 478
407 487
408 410
408 434
408 439
408 453
408 467
408 476
408 489
409 414
409 419
409 437
409 441
409 483
410 443
410 464
410 479
410 480
410 490
410 494
411 435
411 439
411 440
411 453
411 454
411 455
411 485
412 432
412 485
413 437
413 454
413 459
413 462
413 495
414 422
414 427
414 449
414 453
414 475
414 494
415 423
415 424
415 429
415 488
416 479
417 441
417 477
417 491
418 491
419 420
419 423
419 459
419 461
419 466
419 490
419 494
420 484
421 434
421 436
421 450
421 460
421 487
421 499
422 430
422 435
422 447
422 460
422 463
423 428
423 432
423 439
423 454
423 456
423 478
423 484
423 493
424 429
424 446
424 457
425 463
425 467
425 472
425 476
425 483
426 460
426 462
426 471
426 493
427 455
427 458
427 460
427 496
427 497
428 438
428 446
428 469
428 493
429 441
429 464
429 482
429 494
429 497
430 475
430 484
430 485
431 439
431 478
431 484
431 497
432 467
432 489
433 476
433 478
433 485
434 447
435 453
435 468
435 483
435 486
435 490
436 469
436 470
436 497
436 498
438 453
438 468
438 486
438 488
439 441
439 456
439 500
440 452
440 467
440 484
440 492
441 454
441 461
441 467
441 477
441 499
442 445
442 453
442 492
443 445
443 458
443 460
443 471
443 482
444 446
444 447
444 451
444 460
444 461
444 476
446 463
446 470
446 489
447 468
447 483
447 497
448 482
449 482
449 493
450 479
450 482
451 464
451 470
453 460
453 464
453 484
454 470
454 472
454 478
455 459
455 474
457 463
458 460
461 464
462 477
462 480
462 482
463 490
463 491
464 475
464 494
465 471
465 476
466 471
466 494
466 499
467 485
468 482
468 485
469 496
470 481
470 482
471 493
473 485
473 494
474 493
475 481
475 500
476 478
476 484
476 491
477 483
477 485
477 486
478 480
479 498
481 483
482 494
483 491
484 491
486 498
488 497
494 497
499 500
