500 1292
1 151
1 174
1 257
1 320
1 431
2 8
2 12
2 89
2 90
2 270
2 279
3 148
3 360
3 386
3 400
3 463
4 98
4 162
4 198
4 360
4 413
4 429
4 445
4 463
5 283
6 151
6 234
7 55
7 85
7 425
8 10
8 66
8 92
8 210
8 218
8 310
8 317
8 339
8 377
9 72
9 141
9 154
9 226
9 239
9 318
9 381
9 497
10 141
10 181
10 208
10 276
10 293
10 461
11 46
11 225
11 483
12 52
12 127
12 275
12 403
13 32
13 65
13 102
13 240
13 410
13 437
13 458
13 497
14 151
14 153
14 178
14 209
14 310
14 349
14 425
15 129
15 208
15 299
15 320
15 342
15 419
16 237
16 343
16 440
17 18
17 57
17 107
17 175
17 262
17 281
17 427
17 446
17 495
18 184
18 217
19 27
19 33
19 200
19 272
19 373
19 421
19 461
20 90
20 91
21 170
21 250
21 326
22 72
22 124
22 132
22 146
22 291
23 26
23 29
23 105
23 227
23 397
23 427
23 446
24 155
24 255
24 282
24 285
24 473
24 487
25 55
25 83
25 315
25 497
26 53
26 65
26 108
26 134
26 231
26 244
26 265
26 277
26 324
26 443
27 323
27 359
27 434
27 478
28 114
28 190
29 412
30 44
30 124
30 189
30 262
30 278
30 285
30 366
30 387
30 468
31 72
31 166
31 322
32 149
32 262
32 333
32 355
32 429
33 137
34 82
34 242
34 455
34 471
35 100
35 192
35 217
35 264
36 43
36 147
36 243
36 408
37 61
37 122
37 202
37 313
37 443
37 446
37 485
38 224
38 257
38 285
38 301
38 442
39 86
39 264
39 347
39 390
39 411
39 440
40 71
40 101
40 422
40 489
41 141
41 225
41 318
41 386
42 102
42 275
43 80
43 279
43 389
43 500
44 276
44 361
44 474
45 169
45 175
45 251
45 360
45 380
46 81
46 90
46 173
46 246
46 433
47 63
47 107
47 124
47 192
47 265
47 329
48 122
48 181
48 490
49 93
49 128
49 216
49 369
49 406
50 286
50 471
51 113
51 122
51 140
51 141
51 428
51 447
51 476
52 241
52 268
52 484
53 104
53 131
53 305
53 335
53 415
53 445
54 94
54 179
54 317
54 365
54 381
54 419
55 355
55 403
56 178
56 244
56 307
56 322
56 447
56 491
57 101
57 172
57 221
57 265
57 330
58 166
58 168
58 364
58 382
58 439
58 458
58 482
59 280
60 110
60 128
60 163
60 212
60 320
61 140
61 165
61 210
61 337
61 407
62 182
62 414
62 440
63 171
63 226
63 340
63 455
64 89
64 114
64 138
64 443
64 492
65 280
66 382
66 383
66 414
66 448
66 483
67 82
67 129
67 150
67 170
67 241
67 303
67 406
67 491
68 120
68 267
68 495
69 345
69 388
69 389
69 453
70 216
70 220
70 419
71 138
71 141
71 155
71 262
71 349
71 400
71 457
72 151
72 232
72 277
72 379
72 394
72 484
73 128
73 130
73 231
73 319
74 159
74 193
74 228
74 276
74 418
75 80
75 198
75 226
76 96
76 162
76 197
76 379
76 494
77 89
77 107
77 180
77 257
78 130
78 145
78 280
78 494
79 162
79 319
79 387
79 486
80 292
80 380
80 392
80 464
81 216
81 290
81 315
81 332
81 372
81 450
82 92
82 158
82 176
82 185
82 216
82 258
82 263
82 316
82 353
83 114
83 274
83 417
83 419
84 131
84 160
84 429
84 449
84 454
85 193
85 238
85 342
85 349
85 415
86 117
86 181
86 227
86 251
86 302
86 462
87 350
87 442
87 455
87 485
88 102
88 304
89 236
89 240
89 418
89 470
90 297
90 307
90 347
90 434
91 247
91 330
91 472
92 148
92 263
92 422
92 478
92 479
93 145
93 172
93 272
94 117
94 177
94 430
95 314
95 378
95 469
96 125
96 223
96 231
96 294
96 300
96 416
97 133
97 233
97 483
98 232
98 269
99 110
99 145
99 162
99 266
100 160
100 354
100 434
102 147
102 176
102 317
102 353
103 158
103 290
104 161
104 185
105 158
105 278
105 439
105 465
106 137
106 154
106 233
106 312
106 428
107 173
107 187
108 131
108 201
108 232
108 238
108 256
108 290
108 373
108 420
109 155
109 213
109 340
109 343
109 417
110 127
110 129
110 165
110 217
110 347
111 379
111 489
112 114
112 157
112 274
112 427
112 441
113 246
113 319
113 481
113 486
114 199
114 232
114 305
114 334
114 337
114 363
114 379
114 457
114 458
115 232
115 306
115 478
116 142
116 157
117 151
117 376
117 497
118 277
118 366
119 188
119 297
119 473
120 216
120 243
120 371
121 177
121 471
122 245
122 409
122 444
122 449
123 232
123 395
123 412
124 272
124 358
124 429
125 202
125 232
125 350
126 164
126 221
126 406
127 288
127 333
127 360
127 405
127 445
128 178
128 254
128 485
128 494
129 323
129 447
129 486
130 242
130 317
130 351
130 491
131 155
131 255
131 291
131 415
131 420
132 160
132 309
132 340
132 466
133 272
133 344
133 429
133 457
133 474
133 490
134 268
134 323
134 357
134 454
134 479
135 155
135 191
135 250
135 290
135 339
135 356
135 434
135 494
136 235
136 314
136 327
136 331
136 354
136 356
136 360
136 399
136 414
137 211
137 286
137 339
137 374
137 380
137 465
138 211
138 397
139 190
139 401
139 459
139 488
140 319
140 353
140 378
140 442
140 472
140 481
141 275
141 434
141 455
142 145
142 198
142 267
143 168
143 192
143 264
143 500
144 408
145 281
145 368
145 433
146 329
147 188
147 286
147 354
147 396
148 233
148 292
149 166
149 182
149 325
150 228
151 183
151 195
151 199
151 390
151 469
152 291
152 380
152 444
152 446
152 458
152 477
153 218
153 295
153 346
154 280
154 350
154 441
155 156
155 173
155 182
155 218
155 317
155 408
155 445
156 165
156 348
156 412
156 484
157 328
157 334
157 386
158 300
158 416
158 425
159 254
159 328
159 342
159 344
160 166
160 298
160 317
160 358
160 393
161 387
162 270
162 387
163 235
163 369
163 484
165 191
165 197
165 277
165 298
165 395
166 349
167 214
167 300
167 353
167 372
167 403
167 477
168 261
168 263
169 388
169 450
170 381
171 275
171 296
171 363
171 416
172 319
172 350
172 438
172 486
173 220
173 489
174 278
174 315
174 397
175 212
175 266
175 330
176 387
177 185
177 186
177 247
177 393
177 424
177 431
178 221
178 416
178 479
179 339
179 373
179 491
180 193
180 306
180 307
180 317
180 383
181 235
181 292
181 333
181 346
182 269
182 489
183 247
183 337
183 423
184 198
184 296
184 339
184 367
184 389
184 400
184 466
185 248
185 331
185 470
186 210
186 236
186 305
186 356
187 270
187 435
187 481
188 220
188 340
188 485
188 487
189 280
189 313
190 257
190 289
190 304
190 317
190 335
190 352
190 443
191 204
191 205
191 500
192 273
192 277
192 307
192 347
192 470
193 334
193 385
193 418
193 459
194 434
194 450
194 462
195 279
195 280
195 292
195 353
195 379
195 407
195 419
196 358
196 375
196 390
196 399
196 422
197 263
197 329
197 339
197 359
197 371
197 401
197 466
197 475
198 252
198 404
198 408
199 255
199 300
199 328
199 341
200 204
200 318
200 323
200 387
201 219
201 241
201 490
202 261
202 296
202 369
202 460
203 206
203 224
203 344
203 355
203 431
203 469
203 492
204 286
204 293
204 358
204 377
204 434
204 491
205 334
205 389
206 230
206 261
206 380
206 405
207 283
208 285
208 335
208 453
209 218
209 323
209 330
209 335
209 486
209 490
210 226
210 325
210 404
211 232
211 304
212 280
212 442
213 264
213 445
213 466
214 382
215 243
215 279
215 286
215 365
215 428
217 349
218 435
219 220
219 360
219 427
220 289
220 432
221 271
221 306
221 316
221 322
221 380
222 248
223 352
223 359
223 375
223 471
224 468
226 267
226 347
226 427
226 439
227 345
227 432
229 348
229 406
229 463
229 474
230 249
230 313
230 373
231 257
231 388
232 306
232 411
233 319
234 328
234 354
234 377
234 493
235 242
235 442
236 403
237 243
237 349
238 286
238 341
238 346
238 403
238 407
239 256
239 359
239 389
240 301
240 451
240 476
241 410
242 254
242 384
242 429
243 286
243 376
244 325
244 346
244 384
245 277
245 398
245 486
246 295
246 312
246 356
246 427
246 457
246 490
247 336
247 490
248 259
248 472
249 283
249 360
249 405
250 453
252 265
252 308
252 316
253 360
253 400
254 408
255 306
255 450
256 315
256 408
256 479
257 370
257 479
258 363
258 366
258 448
258 483
258 488
259 479
259 481
261 351
261 418
262 323
262 415
263 309
263 320
263 458
264 326
265 372
266 285
266 339
266 404
266 457
267 307
267 363
267 403
267 484
268 383
269 367
270 315
270 332
270 386
270 475
271 326
271 415
271 453
271 481
272 369
272 462
273 393
273 486
275 327
275 332
276 307
276 383
276 392
276 460
277 295
278 307
279 312
279 338
279 412
280 355
280 499
281 406
281 444
281 470
283 287
283 309
283 424
284 357
284 457
285 453
286 386
286 410
287 412
289 396
289 415
289 434
290 367
290 396
290 435
290 452
291 318
291 349
292 315
292 346
292 441
292 491
293 346
293 427
293 478
293 492
294 366
295 381
296 386
296 465
297 324
297 373
297 421
298 456
300 368
300 416
300 426
300 427
301 364
301 374
301 443
301 459
302 467
304 362
306 340
306 440
306 466
307 386
307 438
307 464
307 475
308 348
308 426
309 376
309 451
310 325
310 326
310 334
310 339
310 423
313 316
313 318
313 487
314 453
315 339
315 353
315 455
316 322
316 343
316 395
316 468
317 364
317 423
317 499
318 456
321 408
322 480
324 346
324 376
325 336
325 341
325 409
326 357
327 337
327 432
328 373
328 377
329 461
329 486
330 383
330 450
331 332
331 348
332 440
333 390
334 360
334 376
334 402
335 445
336 423
337 416
337 424
337 442
337 447
338 461
338 481
339 350
340 430
340 490
342 367
342 373
342 459
343 384
343 387
345 499
346 356
346 442
347 480
349 373
349 442
349 464
349 487
350 422
350 476
351 380
351 429
351 486
352 387
352 482
354 384
354 407
356 368
356 407
357 379
357 384
357 437
357 492
358 360
358 413
360 441
361 479
361 483
362 390
362 484
363 419
363 434
363 463
366 374
366 382
367 406
367 438
369 435
369 449
369 456
369 464
370 382
370 441
371 413
371 420
371 452
372 414
372 452
373 448
375 462
375 477
375 485
376 410
376 418
378 397
380 431
380 441
381 470
383 398
384 474
384 481
385 395
385 407
385 446
385 457
385 474
387 468
387 480
387 495
390 393
390 420
390 455
391 406
391 428
391 464
392 406
392 444
393 422
393 493
394 398
394 421
394 454
395 417
397 452
398 434
398 470
401 422
401 431
401 456
402 454
403 435
403 443
405 411
405 449
406 422
406 446
406 449
408 470
408 473
409 429
409 476
411 470
412 417
416 462
416 466
419 486
420 498
421 447
421 465
421 473
421 475
422 489
423 452
423 478
424 464
424 471
425 428
429 460
431 432
434 459
438 475
438 476
438 483
440 443
440 461
440 492
441 481
442 495
444 478
446 492
447 487
454 495
455 458
456 468
456 494
459 482
460 471
460 484
466 473
466 480
471 486
474 481
479 481
479 498
482 490
483 498
488 496
488 497
492 498
