1000 2990
1 4
1 5
1 7
1 11
1 13
1 14
1 19
1 21
1 22
1 32
1 35
1 37
1 38
1 46
1 50
1 52
1 59
1 61
1 63
1 100
1 106
1 107
1 120
1 130
1 142
1 143
1 144
1 145
1 150
1 166
1 167
1 177
1 182
1 184
1 187
1 188
1 198
1 201
1 219
1 220
1 224
1 232
1 242
1 248
1 250
1 251
1 252
1 261
1 266
1 273
1 281
1 282
1 289
1 296
1 321
1 334
1 343
1 352
1 353
1 388
1 390
1 395
1 396
1 398
1 399
1 422
1 431
1 432
1 449
1 464
1 508
1 511
1 550
1 555
1 556
1 562
1 566
1 578
1 584
1 593
1 605
1 615
1 630
1 648
1 664
1 681
1 688
1 707
1 735
1 750
1 761
1 767
1 768
1 786
1 795
1 800
1 804
1 810
1 825
1 836
1 844
1 866
1 909
1 934
1 936
1 939
1 949
1 975
1 977
1 984
1 994
2 4
2 5
2 6
2 7
2 9
2 10
2 11
2 15
2 18
2 20
2 21
2 22
2 26
2 30
2 38
2 47
2 59
2 61
2 67
2 68
2 76
2 77
2 78
2 99
2 103
2 108
2 111
2 117
2 122
2 130
2 152
2 159
2 162
2 167
2 178
2 212
2 215
2 252
2 264
2 271
2 281
2 298
2 304
2 311
2 313
2 320
2 325
2 339
2 350
2 352
2 369
2 407
2 426
2 431
2 434
2 447
2 451
2 453
2 467
2 470
2 473
2 497
2 498
2 502
2 503
2 508
2 585
2 597
2 611
2 619
2 640
2 645
2 661
2 664
2 670
2 676
2 711
2 729
2 739
2 766
2 781
2 797
2 816
2 832
2 846
2 847
2 888
2 909
2 989
3 4
3 11
3 13
3 15
3 67
3 83
3 104
3 137
3 270
3 319
3 324
3 381
3 405
3 463
3 528
3 663
3 712
3 805
3 815
3 964
3 981
4 5
4 6
4 7
4 8
4 9
4 13
4 14
4 16
4 17
4 18
4 20
4 23
4 26
4 32
4 34
4 35
4 39
4 42
4 47
4 52
4 53
4 57
4 62
4 64
4 72
4 79
4 93
4 114
4 120
4 121
4 127
4 134
4 146
4 168
4 178
4 185
4 197
4 201
4 205
4 207
4 232
4 235
4 237
4 246
4 247
4 249
4 282
4 307
4 363
4 364
4 376
4 396
4 413
4 416
4 422
4 456
4 468
4 496
4 501
4 506
4 520
4 537
4 549
4 557
4 588
4 601
4 603
4 611
4 622
4 644
4 666
4 672
4 673
4 674
4 686
4 725
4 743
4 754
4 772
4 801
4 806
4 812
4 841
4 845
4 865
4 906
4 914
4 916
4 945
4 966
4 973
4 983
4 997
4 998
5 6
5 8
5 9
5 14
5 15
5 25
5 36
5 39
5 46
5 52
5 56
5 62
5 69
5 88
5 89
5 91
5 110
5 119
5 148
5 159
5 184
5 214
5 253
5 254
5 261
5 277
5 284
5 365
5 366
5 374
5 400
5 408
5 563
5 662
5 675
5 688
5 695
5 723
5 724
5 737
5 745
5 810
5 830
5 840
5 973
5 974
5 990
5 995
6 8
6 16
6 17
6 27
6 34
6 43
6 58
6 89
6 121
6 158
6 174
6 176
6 230
6 255
6 327
6 343
6 373
6 377
6 392
6 403
6 411
6 435
6 441
6 592
6 595
6 644
6 654
6 717
6 844
6 878
6 886
6 922
7 18
7 24
7 31
7 32
7 44
7 45
7 49
7 54
7 87
7 97
7 114
7 118
7 191
7 200
7 302
7 329
7 331
7 345
7 381
7 395
7 438
7 496
7 553
7 568
7 579
7 627
7 728
7 756
7 770
7 794
7 813
7 852
7 863
7 937
7 960
7 983
8 10
8 12
8 16
8 19
8 25
8 47
8 55
8 83
8 93
8 99
8 105
8 126
8 169
8 193
8 278
8 311
8 340
8 344
8 353
8 356
8 357
8 378
8 414
8 420
8 437
8 450
8 473
8 477
8 533
8 536
8 687
8 714
8 880
8 891
9 10
9 12
9 23
9 28
9 33
9 37
9 86
9 139
9 189
9 228
9 322
9 347
9 374
9 439
9 605
9 634
9 801
9 872
9 873
9 913
9 928
10 17
10 33
10 37
10 42
10 49
10 51
10 53
10 65
10 68
10 88
10 138
10 147
10 153
10 202
10 236
10 258
10 281
10 314
10 361
10 393
10 485
10 523
10 542
10 572
10 621
10 806
10 837
10 839
10 876
10 963
11 12
11 30
11 38
11 44
11 94
11 113
11 144
11 147
11 171
11 248
11 300
11 346
11 405
11 409
11 468
11 507
11 614
11 629
11 643
11 670
11 758
11 799
11 811
11 976
12 26
12 118
12 123
12 332
12 368
12 377
12 416
12 464
12 481
12 521
12 615
12 696
12 702
12 743
12 748
12 961
12 979
13 28
13 36
13 40
13 64
13 68
13 88
13 113
13 164
13 190
13 199
13 260
13 291
13 293
13 372
13 382
13 408
13 424
13 497
13 499
13 534
13 538
13 560
13 569
13 609
13 613
13 655
13 756
13 834
14 29
14 43
14 51
14 55
14 70
14 85
14 102
14 116
14 153
14 159
14 181
14 190
14 195
14 197
14 233
14 333
14 336
14 358
14 478
14 553
14 568
14 636
14 653
14 745
14 782
14 850
14 941
14 980
14 997
15 54
15 69
15 146
15 162
15 180
15 214
15 299
15 563
15 634
15 826
15 895
16 56
16 73
16 115
16 161
16 168
16 323
16 363
16 366
16 392
16 433
16 476
16 503
16 623
16 631
16 795
16 804
16 849
16 879
17 19
17 27
17 35
17 66
17 80
17 81
17 100
17 102
17 109
17 169
17 203
17 222
17 278
17 283
17 369
17 504
17 506
17 561
17 570
17 597
17 603
17 693
17 798
17 901
17 926
17 947
17 952
18 24
18 31
18 34
18 54
18 57
18 64
18 75
18 84
18 85
18 97
18 105
18 110
18 126
18 129
18 131
18 135
18 147
18 170
18 174
18 194
18 197
18 210
18 222
18 241
18 264
18 315
18 338
18 424
18 427
18 433
18 456
18 475
18 487
18 495
18 509
18 537
18 561
18 635
18 645
18 717
18 752
18 766
18 823
18 945
18 950
18 959
19 20
19 28
19 36
19 46
19 48
19 63
19 73
19 76
19 89
19 136
19 143
19 149
19 193
19 194
19 226
19 243
19 251
19 270
19 283
19 368
19 419
19 482
19 493
19 494
19 497
19 501
19 520
19 608
19 610
19 654
19 679
19 694
19 738
19 853
20 21
20 74
20 78
20 80
20 209
20 223
20 302
20 355
20 398
20 547
20 557
20 608
20 817
20 861
20 902
20 980
21 22
21 31
21 44
21 56
21 66
21 71
21 90
21 93
21 95
21 109
21 135
21 151
21 427
21 435
21 445
21 449
21 532
21 604
21 613
21 748
21 770
21 773
21 790
21 871
21 990
22 23
22 25
22 57
22 58
22 70
22 90
22 91
22 131
22 155
22 170
22 200
22 210
22 219
22 221
22 276
22 382
22 384
22 425
22 458
22 465
22 470
22 479
22 522
22 530
22 554
22 578
22 581
22 640
22 696
22 718
22 732
22 778
22 791
22 805
22 825
22 951
22 980
23 24
23 27
23 67
23 85
23 103
23 180
23 201
23 261
23 279
23 290
23 532
23 658
23 768
23 848
23 925
24 29
24 60
24 81
24 336
24 455
24 875
24 968
25 39
25 41
25 131
25 150
25 154
25 172
25 255
25 303
25 312
25 335
25 372
25 405
25 465
25 492
25 530
25 610
25 627
25 791
25 832
25 862
25 894
25 932
25 933
25 944
25 984
25 994
26 29
26 40
26 42
26 82
26 95
26 203
26 262
26 450
26 499
26 516
26 521
26 550
26 638
26 753
26 817
26 902
27 41
27 51
27 60
27 69
27 78
27 83
27 101
27 105
27 117
27 128
27 138
27 160
27 219
27 230
27 265
27 288
27 292
27 298
27 308
27 321
27 340
27 344
27 354
27 385
27 412
27 414
27 415
27 511
27 528
27 549
27 587
27 594
27 635
27 637
27 657
27 732
27 752
27 765
27 854
27 921
27 966
28 33
28 43
28 48
28 53
28 55
28 72
28 84
28 108
28 112
28 121
28 157
28 179
28 404
28 421
28 451
28 575
28 674
28 734
28 739
28 807
28 928
29 40
29 49
29 70
29 92
29 246
29 310
29 384
29 484
29 541
29 803
31 50
31 101
31 133
31 135
31 161
31 222
31 242
31 326
31 390
31 457
31 558
31 634
31 698
31 764
31 845
32 163
33 41
33 45
33 48
33 60
33 74
33 81
33 86
33 155
33 173
33 182
33 188
33 237
33 268
33 378
33 429
33 433
33 607
33 808
33 842
33 881
33 906
33 939
33 964
34 75
34 234
34 685
35 61
35 97
35 106
35 113
35 260
35 312
35 318
35 338
35 399
35 607
35 641
35 645
35 674
35 721
35 761
35 772
35 852
35 937
35 957
36 98
36 211
36 212
36 241
36 546
36 586
36 652
36 695
36 994
37 341
37 572
38 87
38 92
38 119
38 145
38 207
38 208
38 234
38 242
38 265
38 358
38 387
38 545
38 550
38 637
38 664
38 684
38 704
38 716
38 807
38 816
38 823
39 79
39 140
39 591
39 765
40 50
40 132
40 231
40 320
40 924
41 341
41 582
41 593
41 692
41 750
41 793
41 933
41 954
42 74
42 343
42 454
42 469
42 481
42 551
42 788
42 829
43 118
43 423
44 45
44 857
44 863
44 885
45 72
45 79
45 164
45 227
45 583
45 627
45 874
45 941
45 968
46 58
46 59
46 62
46 65
46 66
46 77
46 82
46 87
46 94
46 123
46 125
46 136
46 138
46 151
46 173
46 180
46 182
46 192
46 210
46 221
46 230
46 263
46 267
46 268
46 276
46 293
46 298
46 323
46 341
46 360
46 379
46 385
46 434
46 440
46 459
46 466
46 484
46 534
46 567
46 571
46 600
46 601
46 616
46 617
46 648
46 698
46 799
46 849
46 942
46 974
48 125
48 126
48 337
48 345
48 677
48 855
49 75
49 77
49 99
49 177
49 181
49 204
49 213
49 299
49 305
49 333
49 352
49 406
49 460
49 464
49 512
49 646
49 697
49 755
49 779
49 784
49 850
49 930
49 970
49 985
49 998
50 103
50 114
50 143
50 149
50 237
50 249
50 288
50 300
50 323
50 504
50 587
50 714
50 792
50 826
50 944
50 952
50 965
51 73
51 387
51 759
51 793
52 96
52 125
52 241
52 299
52 763
53 489
54 104
54 112
54 119
54 133
54 189
54 245
54 309
54 317
54 329
54 389
54 594
54 648
54 652
54 671
54 701
54 721
54 820
55 169
55 174
55 258
55 279
55 401
55 471
55 915
57 71
57 84
57 95
57 96
57 122
57 137
57 157
57 223
57 235
57 285
57 601
57 744
57 769
57 832
58 63
58 90
58 115
58 155
58 176
58 271
58 486
58 514
58 870
59 129
59 244
59 274
59 292
59 317
59 354
59 398
59 512
59 618
59 948
60 65
60 175
60 235
60 247
60 755
60 993
60 999
61 142
61 170
61 215
61 250
61 378
61 423
61 707
61 729
61 920
61 953
62 92
62 122
62 373
62 402
62 436
62 606
62 753
62 929
63 127
63 139
63 244
63 250
63 301
63 370
63 495
63 529
63 793
63 862
64 206
64 287
64 338
64 357
64 362
64 449
64 619
64 658
64 866
65 175
65 193
65 220
65 293
65 302
65 430
65 489
65 703
65 956
65 970
66 71
66 123
66 245
66 297
66 348
66 430
66 477
66 968
66 1000
67 249
67 467
67 472
68 332
68 357
69 76
69 112
69 124
69 127
69 184
69 196
69 254
69 286
69 418
69 478
69 543
69 652
69 702
69 726
70 106
70 205
70 289
70 301
70 397
70 636
70 698
71 145
71 160
71 167
71 233
71 585
71 687
72 413
72 467
72 678
72 915
73 195
73 776
73 820
73 857
74 80
74 128
74 396
74 686
74 788
74 821
74 937
74 998
75 458
75 504
75 752
75 864
75 876
75 970
76 202
76 239
76 331
76 375
76 417
76 530
76 545
76 737
76 756
76 887
77 82
77 218
77 332
77 362
77 383
77 515
77 562
78 111
78 265
78 300
78 420
78 445
78 544
78 712
79 156
79 226
79 247
79 284
79 389
79 410
79 477
79 555
79 574
79 609
79 612
79 912
79 967
80 100
80 213
80 402
80 442
80 686
81 86
81 110
81 278
81 391
81 434
81 830
81 880
82 379
82 425
82 985
83 186
83 187
83 205
83 224
83 386
83 489
83 728
83 745
83 774
83 890
84 108
84 133
84 141
84 183
84 202
84 631
85 91
85 116
85 129
85 136
85 151
85 156
85 163
85 166
85 185
85 213
85 214
85 263
85 266
85 348
85 412
85 490
85 513
85 558
85 594
85 699
85 769
85 803
85 838
85 851
85 861
85 960
86 107
86 152
86 153
86 188
86 196
86 263
86 268
86 280
86 306
86 328
86 409
86 442
86 522
86 588
86 939
88 101
88 124
88 142
88 211
88 217
88 437
88 533
88 563
88 626
88 923
89 124
89 140
89 260
89 303
89 333
89 481
89 491
89 515
89 541
89 592
89 613
89 649
89 679
89 685
89 843
89 856
89 895
89 900
89 933
90 98
90 280
90 446
90 638
90 651
90 669
90 734
91 243
91 244
91 314
91 315
91 348
91 374
91 394
91 421
91 672
91 771
91 775
91 943
91 993
92 96
92 115
92 117
92 162
92 207
92 282
92 305
92 367
92 429
92 436
92 439
92 466
92 862
92 897
92 956
93 94
93 149
93 447
93 639
93 911
94 98
94 139
94 212
94 216
94 267
94 322
94 441
94 505
94 694
94 936
94 946
95 327
95 574
96 328
96 459
96 510
97 446
97 678
97 881
97 972
98 109
98 116
98 120
98 150
98 172
98 199
98 225
98 294
98 295
98 303
98 386
98 403
98 415
98 465
98 483
98 552
98 592
98 623
98 655
98 659
98 734
98 747
98 757
98 867
98 974
98 979
98 982
98 987
99 209
99 218
99 305
99 344
99 349
99 589
99 623
99 660
100 144
100 231
100 255
100 256
101 102
101 342
101 351
101 552
101 781
102 132
102 176
102 229
102 251
102 285
102 311
102 319
102 642
102 847
102 854
103 104
104 107
104 128
104 177
104 710
104 963
105 327
105 414
105 540
105 779
105 878
105 890
105 894
105 981
106 111
106 171
106 181
106 240
106 257
106 259
106 354
106 476
106 553
106 591
106 663
106 690
106 708
106 751
106 942
107 245
107 271
107 337
107 418
107 462
107 484
107 708
108 132
108 141
108 309
108 486
108 559
108 562
108 719
108 824
108 842
109 191
109 294
109 325
109 420
109 479
109 480
109 493
109 635
109 757
109 796
110 183
110 192
110 220
110 264
110 391
110 416
110 440
110 500
110 521
110 535
110 575
110 639
110 989
111 178
112 148
112 236
112 412
112 589
113 284
114 146
114 168
114 364
114 507
114 755
115 224
115 439
115 472
115 515
115 517
115 579
115 749
115 931
116 130
116 172
116 380
116 524
117 137
117 393
117 413
117 421
117 518
117 668
118 164
118 229
118 275
118 637
118 786
118 833
118 972
118 979
119 161
119 217
119 356
119 666
120 134
120 199
120 200
120 383
120 437
120 483
120 778
121 148
121 165
121 349
121 537
121 542
121 703
121 721
121 770
121 808
121 945
122 140
122 179
122 320
122 509
122 577
123 361
123 392
123 430
124 156
124 175
124 186
124 216
124 223
124 359
124 622
124 727
124 910
125 154
125 195
125 277
125 335
125 438
125 536
125 588
125 598
125 821
125 871
126 426
127 141
127 286
127 316
127 382
127 529
128 165
128 183
128 191
128 227
128 491
128 539
128 657
128 797
129 154
129 157
129 259
129 403
129 436
129 455
129 471
129 680
129 725
129 851
129 870
130 198
130 324
130 424
130 676
130 736
131 215
131 221
131 291
131 375
131 391
131 574
131 759
131 991
132 134
132 402
132 586
133 173
134 253
134 463
135 194
136 225
136 226
136 350
136 428
136 487
136 610
136 735
136 830
136 858
136 969
137 272
137 287
137 750
138 385
138 500
138 524
138 954
139 158
139 257
139 269
139 285
139 313
139 330
139 356
139 375
139 454
139 571
139 616
139 656
139 763
139 767
139 801
140 158
140 192
141 231
141 309
141 719
142 165
142 225
142 565
142 662
142 697
142 951
143 227
143 355
143 362
143 846
144 274
144 359
144 624
144 705
144 904
145 198
145 290
146 152
146 171
146 472
146 605
146 732
146 889
147 379
147 519
147 560
148 502
149 239
149 494
149 581
149 590
149 952
150 400
150 503
150 595
150 683
150 836
151 238
151 269
151 557
152 397
153 229
153 306
153 388
153 593
153 633
153 800
153 958
154 163
154 166
154 240
154 584
154 625
155 217
155 367
155 578
155 768
155 875
156 625
157 160
157 240
157 259
157 326
157 482
157 527
157 981
158 179
158 691
159 189
159 211
159 304
159 626
160 234
160 296
160 334
160 364
161 216
161 365
161 458
162 407
162 419
162 527
162 602
162 641
162 651
162 814
162 822
162 828
162 896
163 233
163 331
163 359
163 386
163 509
163 545
163 796
163 903
164 190
164 376
164 532
164 614
164 639
164 649
164 868
164 888
165 243
165 252
165 349
165 380
165 399
165 417
165 542
165 628
165 632
165 733
165 808
165 845
165 883
165 900
166 208
166 855
167 609
167 642
167 650
167 667
167 846
167 930
168 513
168 672
168 944
168 988
169 506
169 580
170 275
170 818
170 891
171 314
171 395
171 404
171 775
172 322
172 659
172 923
173 279
174 653
175 186
175 204
176 266
176 353
176 514
177 289
177 355
178 596
178 993
179 270
179 908
180 381
180 712
182 267
182 307
182 555
182 570
183 196
183 584
184 185
184 187
184 236
184 558
184 754
184 948
185 209
185 387
185 838
186 525
186 758
188 256
188 444
188 689
190 358
190 499
190 538
190 738
190 757
190 938
191 208
191 294
191 429
191 480
191 517
191 700
192 868
193 256
193 273
193 340
193 400
193 419
193 729
193 903
193 955
194 228
194 238
194 543
195 206
195 346
195 384
195 776
195 829
197 540
197 575
198 204
198 782
199 238
199 297
199 307
199 310
199 617
200 329
200 360
200 764
200 777
201 203
201 262
201 371
201 428
201 604
201 798
202 206
202 239
202 272
202 295
202 296
202 351
202 408
202 411
202 513
202 517
202 529
202 536
202 850
202 925
203 342
203 350
203 798
204 313
204 337
204 417
204 438
204 452
204 460
204 673
204 730
204 828
204 959
205 680
207 272
207 683
207 700
207 708
207 852
208 280
208 692
209 218
209 257
209 292
209 328
209 454
209 796
209 882
209 962
210 330
210 473
210 526
210 651
210 855
211 401
211 626
211 630
211 716
211 841
212 306
214 277
215 431
215 888
216 262
216 321
216 525
216 564
216 621
216 628
216 779
216 824
217 297
217 565
217 641
217 809
217 923
218 318
218 715
218 815
219 228
219 287
219 466
219 554
219 620
220 276
221 246
221 693
221 697
221 718
221 869
221 908
223 547
224 802
225 510
225 552
225 694
226 735
226 859
226 884
227 863
228 232
228 274
228 383
228 877
228 889
229 248
229 254
229 275
229 469
229 633
229 989
230 326
231 253
231 616
232 777
233 370
233 642
233 657
234 571
234 746
235 288
235 829
236 905
237 372
238 978
239 269
239 351
239 535
239 680
240 310
240 778
241 312
241 448
241 604
241 671
241 684
241 984
242 258
242 432
242 565
243 336
243 887
243 943
243 957
244 490
244 618
244 792
246 339
246 482
246 624
246 758
246 785
247 485
247 927
248 410
248 469
249 443
249 582
249 743
250 428
250 820
251 368
251 376
251 447
251 813
251 971
252 308
252 422
252 650
252 668
252 787
252 935
253 401
253 775
253 978
254 926
256 273
257 286
257 390
260 291
260 318
260 371
260 461
260 474
260 544
260 597
260 909
261 315
261 508
261 566
261 632
261 827
261 840
262 541
262 590
262 791
262 802
264 411
264 442
264 569
264 853
265 474
265 684
266 661
267 394
267 744
268 580
269 710
270 319
270 342
271 514
272 367
273 347
273 865
273 918
274 749
275 316
275 371
275 377
275 876
275 916
275 961
276 283
276 425
276 548
276 736
277 325
278 290
278 443
278 516
278 706
278 726
278 880
279 457
279 475
279 546
279 812
279 902
280 301
281 295
281 317
281 526
281 671
281 851
281 921
282 397
282 914
283 335
285 370
285 423
285 495
285 656
286 316
286 361
286 572
287 595
287 833
289 611
289 691
289 705
289 722
289 748
290 308
290 360
290 418
290 763
291 461
292 727
293 455
293 561
293 689
293 711
293 720
293 856
294 982
295 921
295 967
296 475
296 771
297 304
297 334
297 583
297 647
297 831
297 871
297 924
298 825
298 868
299 460
299 646
299 647
299 692
299 741
300 404
300 407
300 570
300 582
300 682
300 715
300 742
300 815
300 848
300 986
303 802
304 500
304 831
305 324
305 394
305 643
305 649
305 828
305 843
307 705
307 742
307 922
308 559
309 373
309 443
309 492
309 741
309 920
310 365
311 505
312 766
312 803
313 330
313 345
313 440
313 452
313 704
314 346
314 347
314 406
314 653
316 366
316 444
316 599
317 339
318 461
318 709
319 452
319 577
319 797
319 812
320 488
320 967
321 507
321 576
321 668
321 901
322 445
323 569
323 804
325 435
325 480
325 599
327 446
327 688
327 780
327 819
329 462
329 621
329 656
329 841
331 486
331 539
331 622
331 675
332 511
333 406
333 681
333 892
333 912
333 940
333 942
334 450
334 519
334 650
336 722
337 646
337 660
337 718
338 487
338 528
338 573
338 612
338 913
339 363
339 369
339 388
339 704
339 913
340 667
342 462
342 551
343 468
343 893
344 556
345 389
345 629
347 488
347 865
347 965
348 687
350 873
352 415
352 448
352 470
353 490
353 607
353 740
354 548
354 740
355 444
355 459
355 547
355 556
355 590
355 908
356 441
356 725
356 799
356 811
357 773
358 478
358 997
359 848
360 874
361 713
361 715
363 476
363 498
363 647
363 894
363 927
364 531
365 995
366 409
367 566
368 448
368 619
369 961
370 501
371 479
371 738
373 527
373 606
373 731
373 932
373 954
374 410
374 457
375 380
375 453
375 522
375 842
376 393
376 510
376 520
379 849
380 426
381 731
382 523
382 596
382 598
382 662
382 691
383 792
384 543
384 818
385 896
385 950
387 498
387 659
387 969
388 432
388 535
389 629
390 427
390 496
390 786
390 934
392 505
392 546
392 727
393 573
394 744
394 869
395 548
395 580
395 699
397 660
397 689
398 669
401 471
401 636
401 701
401 992
402 540
402 615
402 677
404 585
405 493
405 516
405 525
405 630
405 754
406 518
406 988
407 602
407 682
407 742
408 710
409 539
409 685
410 975
412 564
412 936
414 890
414 925
415 491
415 591
415 958
416 451
416 453
416 488
416 531
416 819
417 673
417 733
418 955
421 518
422 761
424 560
424 600
424 836
425 531
425 749
425 905
426 670
427 600
427 731
427 966
430 950
433 456
435 644
435 764
435 784
436 544
436 612
437 603
437 787
438 661
438 783
439 867
440 617
440 859
441 638
441 869
443 492
443 726
443 915
443 928
444 827
444 872
444 973
445 679
445 762
445 780
445 935
445 953
446 581
446 625
447 780
447 897
448 736
449 624
449 678
449 739
450 463
450 893
451 586
451 807
451 918
452 924
454 897
455 899
456 567
456 785
457 776
458 864
459 523
459 618
459 996
460 533
460 746
461 474
463 608
464 949
465 720
465 795
465 805
466 519
467 485
467 643
467 730
469 773
470 826
472 526
472 534
474 587
474 789
475 483
475 690
476 751
476 879
477 771
482 494
482 620
482 628
482 632
482 858
484 676
484 858
484 919
485 551
486 559
487 512
487 737
488 502
489 774
489 834
489 875
491 958
492 843
493 658
493 667
493 877
496 821
497 549
497 707
497 724
497 834
497 912
501 999
503 794
504 717
505 747
505 963
506 787
507 901
507 976
509 833
509 926
511 655
511 720
514 900
516 524
516 706
518 713
521 840
521 878
522 700
522 814
522 877
522 895
524 564
524 675
525 538
525 839
526 665
527 606
529 706
529 860
529 917
530 703
532 614
532 986
535 893
537 864
538 579
539 567
539 767
540 554
544 723
545 573
545 995
546 576
546 665
546 695
547 654
548 733
548 844
549 899
550 577
550 598
551 602
553 568
553 751
557 817
559 589
559 728
560 596
560 809
567 910
569 576
569 709
569 782
572 789
574 701
576 665
576 960
577 759
578 583
578 702
580 911
581 640
582 918
583 885
583 991
586 599
587 633
587 760
587 951
590 899
591 898
593 800
595 719
597 823
597 835
598 663
602 772
602 943
603 774
603 983
604 631
606 976
610 760
611 822
611 873
611 988
612 999
616 620
616 931
617 819
617 898
617 929
617 977
618 716
619 853
619 982
620 903
620 941
621 920
622 883
626 681
627 740
629 693
630 809
631 683
634 699
641 666
641 867
642 854
644 886
645 669
645 816
646 677
646 762
646 856
647 790
650 827
654 769
655 898
658 839
659 907
660 977
661 783
663 789
663 814
664 711
664 953
665 713
666 818
666 978
668 935
669 682
669 709
670 949
671 896
674 957
675 741
675 885
679 762
679 874
679 938
681 714
681 724
681 794
683 870
686 690
686 860
686 964
693 696
695 884
699 959
700 753
700 781
701 722
701 969
702 884
703 723
705 904
708 746
708 919
708 992
710 930
711 919
712 905
713 837
713 886
715 986
719 857
720 730
720 906
720 947
726 835
728 962
729 835
729 879
730 747
730 777
730 847
732 765
736 948
738 783
738 788
743 824
756 881
757 760
757 811
759 916
761 931
763 784
765 806
766 861
767 810
768 785
768 892
769 831
769 859
772 914
773 887
774 872
774 940
775 910
778 790
778 860
783 992
791 907
791 975
794 813
794 822
794 946
797 911
811 917
812 837
812 883
813 929
814 882
814 996
821 987
825 934
826 940
829 838
832 892
833 866
845 904
852 889
856 946
858 972
859 891
862 882
862 922
864 971
874 938
875 955
887 907
894 927
896 987
910 917
915 947
915 956
918 962
918 991
919 932
935 985
951 990
953 965
954 971
964 1000
966 1000
967 996
