1000 3000
1 2
1 3
1 999
1 4
1 998
2 3
2 4
2 1000
2 5
2 999
3 4
3 5
3 6
3 1000
4 5
4 6
4 7
5 6
5 7
5 8
6 8
6 9
6 68
7 9
7 10
7 996
8 10
8 11
8 83
8 615
9 10
9 11
9 876
10 11
10 12
10 363
10 113
11 12
11 13
11 14
12 13
12 14
12 15
13 15
13 16
13 671
13 841
14 15
14 16
14 17
15 16
15 17
15 18
16 17
16 18
16 19
17 18
17 20
17 692
18 19
18 20
18 745
19 20
19 21
19 22
19 294
20 22
20 23
20 113
20 389
20 204
21 22
21 23
21 24
21 26
22 23
22 24
22 25
23 24
23 25
23 501
24 25
24 26
24 27
25 27
25 28
25 545
26 27
26 28
27 28
27 29
27 30
28 29
28 30
28 31
28 534
29 30
29 31
29 32
30 31
30 32
30 33
30 516
31 32
31 33
31 34
32 33
32 34
32 35
33 34
33 35
33 36
34 35
34 36
34 37
35 36
35 37
35 429
35 596
36 38
36 293
36 745
36 248
37 38
37 39
37 40
37 661
38 39
38 41
38 358
39 40
39 41
39 42
39 816
40 41
40 42
40 43
41 42
41 43
41 82
42 43
42 44
42 174
42 729
43 44
43 45
43 46
43 274
44 45
44 47
44 462
45 46
45 47
45 48
46 47
46 48
46 943
46 600
47 48
47 50
47 567
47 288
48 49
48 50
48 51
49 50
49 51
49 52
50 51
50 52
50 53
51 52
51 53
51 54
52 53
52 54
52 454
53 55
53 56
53 423
54 55
54 56
54 57
55 56
55 57
55 58
56 57
56 58
56 59
57 59
57 60
57 890
58 59
58 60
58 61
59 60
59 654
59 389
60 63
60 172
60 965
61 62
61 63
61 64
62 63
62 64
62 65
62 78
63 64
63 65
63 66
64 65
64 66
64 939
65 66
65 67
65 68
66 67
66 68
66 69
67 68
67 69
67 70
68 69
68 70
68 71
69 71
69 72
69 548
70 71
70 72
70 73
71 72
71 73
71 74
72 73
72 74
72 75
73 74
73 75
73 76
74 75
74 76
74 77
74 245
75 76
75 77
75 78
76 77
76 78
76 79
76 868
77 79
77 80
77 160
78 80
78 81
78 863
78 228
79 80
79 81
79 82
80 81
80 82
80 83
81 82
81 83
81 84
82 83
82 84
82 85
82 951
83 84
83 86
83 228
84 85
84 86
84 87
85 86
85 87
85 88
85 509
86 87
86 88
86 89
87 88
87 89
87 90
88 89
88 90
88 91
88 824
89 90
89 91
89 92
89 459
90 91
90 92
90 93
91 92
91 93
91 94
91 195
92 93
92 94
92 95
93 95
93 96
93 682
94 95
94 96
94 97
95 96
95 97
95 98
96 97
96 98
96 99
97 98
97 99
97 100
98 99
98 100
98 101
99 100
99 101
99 102
100 101
100 103
100 329
101 102
101 103
101 104
102 103
102 104
102 105
103 104
103 105
103 106
104 105
104 106
104 107
105 107
105 108
105 533
106 107
106 109
106 685
107 108
107 109
107 373
108 109
108 110
108 156
109 111
109 112
109 557
109 407
110 111
110 112
110 113
111 112
111 113
111 114
112 113
112 114
112 115
113 114
113 115
113 116
113 647
114 115
114 116
114 117
115 116
115 117
115 118
116 117
116 118
116 119
117 118
117 119
117 120
118 119
118 120
118 121
118 822
119 120
119 121
119 122
120 121
120 122
120 123
121 122
121 123
121 124
122 123
122 124
122 125
123 124
123 125
123 126
124 125
124 126
124 127
125 126
125 128
125 776
125 165
126 127
126 128
126 585
127 128
127 130
127 141
128 129
128 130
128 131
128 478
129 130
129 131
129 132
130 131
130 132
130 133
131 132
131 133
131 134
132 133
132 134
132 135
133 134
133 135
133 550
134 135
134 136
134 137
134 207
135 137
135 138
135 347
136 137
136 138
136 139
137 138
137 139
137 140
138 140
138 141
138 815
139 140
139 141
139 142
139 435
140 141
140 142
140 143
141 142
141 143
141 144
142 143
142 144
142 145
143 144
143 145
143 146
143 597
144 145
144 146
144 158
145 147
145 148
145 226
145 930
146 147
146 149
146 321
147 148
147 149
147 150
148 149
148 150
148 151
149 150
149 151
149 243
149 854
150 151
150 152
150 153
151 152
151 153
151 154
152 153
152 155
152 825
153 154
153 155
153 156
153 571
153 914
154 155
154 156
154 157
154 285
154 626
155 156
155 157
155 158
155 437
156 157
156 159
156 253
157 158
157 159
157 160
158 159
158 160
158 161
159 160
159 199
159 432
159 636
160 161
160 162
160 163
160 404
161 162
161 163
161 164
162 163
162 164
162 165
163 165
163 166
163 794
164 165
164 166
164 167
165 166
165 167
165 168
165 336
165 489
166 167
166 168
166 328
167 168
167 169
167 170
168 169
168 170
168 171
169 170
169 171
169 172
170 172
170 173
170 888
171 172
171 173
171 174
171 606
172 173
172 174
172 175
173 174
173 175
173 176
173 723
173 374
174 175
174 177
175 176
175 177
175 178
176 177
176 178
176 179
177 178
177 179
177 180
178 179
178 180
178 181
179 180
179 181
179 182
180 181
180 182
180 183
180 302
181 182
181 183
181 184
182 183
182 184
182 185
182 215
183 184
183 185
183 186
184 185
184 186
184 187
185 186
185 188
185 721
186 187
186 188
186 189
186 464
186 528
187 188
187 189
187 190
188 189
188 190
188 191
189 190
189 191
189 192
190 191
190 192
190 193
191 192
191 193
191 194
192 193
192 194
192 655
193 194
193 195
193 196
194 195
194 196
194 197
195 196
195 198
196 197
196 198
196 199
197 198
197 199
197 200
198 199
198 200
198 201
199 200
199 202
199 376
200 201
200 202
200 203
201 203
201 204
201 707
202 203
202 205
202 656
202 430
203 204
203 206
203 529
204 205
204 206
205 206
205 207
205 208
206 208
206 209
206 463
207 210
207 553
208 209
208 210
208 211
209 210
209 211
209 212
209 542
210 212
210 213
210 305
211 213
211 214
211 912
212 213
212 214
212 215
213 214
213 215
213 486
214 215
214 216
214 217
215 216
215 217
216 217
216 218
216 219
217 218
217 219
217 220
218 220
218 221
218 812
219 220
219 221
219 222
220 221
220 222
220 223
221 222
221 223
221 224
222 223
222 224
222 225
222 639
223 224
223 225
223 226
224 225
224 226
224 227
224 365
224 957
225 226
225 227
225 228
225 977
226 227
226 228
226 229
227 228
227 229
227 230
228 229
228 698
228 849
229 230
229 231
229 232
230 231
230 232
230 233
230 635
231 232
231 233
231 234
231 505
232 233
232 234
232 235
233 234
233 235
233 236
234 236
234 237
234 999
234 891
235 236
235 237
235 238
236 237
236 238
236 239
236 421
237 238
237 239
237 240
237 340
238 239
238 240
238 241
238 602
239 240
239 241
239 242
239 457
240 241
240 242
240 243
241 242
241 243
241 244
242 243
242 244
242 245
243 244
243 245
243 246
243 907
244 245
244 246
244 247
245 246
245 881
246 247
246 248
246 249
247 248
247 249
247 250
248 249
248 250
248 251
249 250
249 251
249 252
249 836
250 251
250 252
250 253
251 252
251 253
251 427
252 253
252 254
252 255
253 254
253 255
253 256
254 255
254 599
254 757
255 257
255 258
255 605
256 257
256 259
256 903
257 258
257 259
257 260
258 259
258 260
258 261
259 260
259 261
259 262
260 261
260 262
260 416
261 262
261 263
261 264
261 898
262 263
262 264
262 265
263 264
263 265
263 266
264 265
264 266
264 267
264 968
265 266
265 267
265 268
266 267
266 268
266 269
267 268
267 269
267 270
268 269
268 270
268 271
269 270
269 271
269 272
270 271
270 272
270 273
271 272
271 273
271 274
272 273
272 274
272 275
273 274
273 275
273 276
273 384
274 275
274 277
274 841
275 276
275 277
275 278
276 277
276 278
276 279
277 278
277 279
277 280
278 279
278 280
278 281
279 280
279 281
279 282
280 281
280 282
280 283
281 282
281 283
281 284
281 930
282 283
282 284
282 285
282 349
282 358
282 341
283 284
283 285
283 398
284 285
284 286
284 614
285 286
285 288
286 287
286 288
286 289
287 288
287 289
287 290
287 833
288 289
288 290
288 291
289 290
289 291
289 292
289 397
290 291
290 292
290 293
290 298
291 292
291 293
291 294
292 293
292 294
292 295
293 294
293 295
293 296
294 296
294 439
294 994
295 297
295 298
295 487
296 297
296 298
296 299
297 298
297 299
297 810
297 1000
297 307
298 300
298 301
299 300
299 301
299 302
300 301
300 302
300 303
301 302
301 303
301 974
302 304
302 305
303 304
303 305
303 306
304 305
304 306
304 307
305 306
305 307
305 308
306 307
306 308
306 309
306 614
307 308
307 916
307 554
308 309
308 310
308 311
309 310
309 311
309 312
310 311
310 312
310 313
311 312
311 313
311 314
311 612
312 313
312 315
312 424
313 314
313 315
313 316
314 315
314 316
314 317
315 316
315 317
315 318
316 317
316 318
316 319
317 318
317 319
317 320
318 319
318 320
318 321
319 320
319 321
319 322
319 383
320 321
320 322
320 323
321 322
321 323
321 324
321 1000
322 323
322 324
322 325
322 792
323 324
323 325
323 326
324 325
324 326
324 327
325 326
325 327
325 328
326 327
326 328
326 329
327 328
327 329
327 330
328 329
328 330
328 331
329 330
329 331
329 332
330 331
330 332
330 333
331 332
331 333
331 334
332 333
332 334
332 870
333 334
333 335
333 336
334 335
334 336
334 337
335 336
335 337
335 338
335 901
336 338
336 339
337 338
337 339
337 340
338 339
338 340
338 341
339 340
339 341
339 342
340 342
340 343
340 487
341 342
341 343
341 818
342 343
342 345
342 766
343 344
343 345
343 346
344 345
344 346
344 347
344 703
345 346
345 348
345 863
346 347
346 348
346 349
347 348
347 349
347 350
348 349
348 350
348 351
349 351
349 352
350 351
350 352
350 353
351 352
351 354
351 409
352 353
352 354
352 730
352 414
353 354
353 355
353 356
354 355
354 356
354 357
354 568
355 356
355 357
355 358
356 357
356 358
356 947
357 358
357 359
357 360
358 360
358 361
358 918
359 360
359 361
359 378
360 361
360 362
360 363
361 362
361 363
361 364
362 363
362 364
362 365
363 364
363 366
364 365
364 366
364 367
364 376
365 367
365 368
365 679
366 367
366 368
366 369
366 671
367 368
367 369
367 370
368 369
368 370
368 371
369 370
369 371
369 372
370 371
370 372
370 373
371 372
371 373
371 374
372 373
372 374
372 375
373 374
373 375
373 376
374 375
374 376
375 376
375 377
375 378
376 378
376 379
377 379
377 380
377 405
378 379
378 380
378 381
379 381
379 382
379 621
380 381
380 382
380 383
380 688
381 382
381 384
381 857
382 383
382 384
382 385
382 552
383 385
383 386
384 385
384 387
385 386
385 387
385 388
386 387
386 388
386 389
387 388
387 389
387 390
388 389
388 390
388 391
389 390
389 392
390 391
390 392
390 393
391 392
391 393
391 394
392 393
392 394
392 395
393 394
393 395
393 396
393 807
394 396
394 397
394 985
395 396
395 397
395 398
395 411
396 397
396 398
396 399
397 399
397 400
398 399
398 400
398 401
399 400
399 401
399 402
400 401
400 402
400 403
400 786
401 402
401 403
401 404
402 403
402 404
402 405
403 404
403 405
403 406
404 405
404 407
405 406
405 407
405 408
406 407
406 408
406 409
407 408
407 410
408 409
408 410
408 411
409 410
409 411
409 412
410 411
410 412
410 413
411 413
411 414
411 848
412 413
412 414
412 415
412 695
413 414
413 415
413 416
413 684
414 415
414 416
414 417
415 416
415 417
415 418
416 417
416 418
416 419
417 418
417 419
417 420
418 419
418 420
418 421
419 420
419 421
419 422
420 421
420 422
420 423
421 422
421 424
422 423
422 424
422 425
423 424
423 425
423 768
424 425
424 426
424 427
424 464
425 426
425 428
425 523
426 427
426 428
426 429
426 493
427 428
427 429
427 430
428 429
428 430
428 431
428 506
429 430
429 431
429 432
430 431
430 432
430 769
431 432
431 433
431 434
432 433
432 811
432 852
433 434
433 435
433 436
434 435
434 436
434 437
434 840
435 436
435 438
436 437
436 438
436 439
436 497
437 439
437 440
438 439
438 440
438 441
439 440
439 441
439 543
440 441
440 442
440 443
441 442
441 443
441 444
442 443
442 444
442 445
443 444
443 446
443 524
444 445
444 446
444 447
445 446
445 447
445 448
446 447
446 448
446 832
447 448
447 449
447 450
448 450
448 451
448 662
449 450
449 451
449 452
449 493
449 618
450 451
450 452
450 453
450 678
451 452
451 453
451 454
452 453
452 454
452 455
453 454
453 455
453 456
454 455
454 456
454 457
455 456
455 457
455 458
456 457
456 458
456 459
457 458
457 808
458 459
458 460
458 461
458 651
459 461
459 462
460 461
460 462
460 463
461 462
461 463
461 464
462 463
462 464
462 465
463 464
463 465
463 466
464 465
465 466
465 467
465 468
466 467
466 468
466 469
467 468
467 469
467 470
468 470
468 471
468 537
469 470
469 471
469 472
470 471
470 472
470 473
471 472
471 473
471 474
472 473
472 474
472 766
472 646
473 474
473 475
473 476
474 475
474 476
474 614
475 476
475 477
475 478
476 477
476 478
476 479
477 478
477 479
477 480
478 479
478 480
479 480
479 481
479 482
479 610
480 481
480 482
480 483
481 482
481 483
481 484
481 735
482 483
482 484
482 485
483 484
483 485
483 486
484 485
484 486
484 487
485 486
485 487
485 488
486 487
486 488
486 489
487 489
487 490
487 589
488 489
488 490
488 491
489 490
489 491
490 491
490 492
490 493
491 492
491 493
491 494
492 493
492 494
492 495
493 496
494 495
494 496
494 497
495 496
495 497
495 498
495 591
495 814
496 497
496 498
496 499
497 499
497 500
498 499
498 500
498 501
499 500
499 501
499 502
500 501
500 502
500 503
501 502
501 503
501 504
501 770
502 503
502 504
502 505
503 504
503 505
503 844
504 505
504 506
504 507
505 506
505 649
506 507
506 508
507 508
507 509
507 510
508 509
508 510
508 511
509 510
509 512
510 511
510 512
510 513
511 512
511 513
511 514
512 513
512 514
512 515
513 514
513 515
513 654
514 515
514 516
514 517
515 516
515 517
515 518
516 517
516 518
516 894
517 518
517 519
517 520
518 519
518 702
518 987
519 520
519 521
519 522
520 521
520 522
520 523
521 522
521 523
521 524
522 523
522 524
522 525
523 524
523 525
523 526
524 525
524 526
524 527
524 622
525 526
525 527
525 528
526 527
526 528
526 529
527 528
527 529
527 530
528 529
528 815
529 530
529 531
529 532
530 531
530 532
530 533
531 533
531 534
531 560
532 534
532 535
532 880
533 534
533 535
533 536
534 535
534 536
535 536
535 537
535 538
536 537
536 538
536 539
537 538
537 539
537 540
538 539
538 540
538 541
539 540
539 541
539 542
540 541
540 542
540 543
541 542
541 543
541 544
542 543
542 545
543 544
543 545
543 546
544 545
544 546
544 547
545 546
545 547
545 548
546 547
546 548
546 549
547 548
547 549
547 602
548 549
548 550
548 551
549 551
549 552
549 888
549 986
550 551
550 552
550 553
551 552
551 553
551 554
552 553
552 554
553 554
553 730
553 665
554 555
554 556
555 556
555 557
555 558
556 557
556 558
556 559
557 558
557 559
557 560
558 559
558 560
558 561
559 560
559 561
559 562
560 561
560 562
560 563
561 562
561 563
561 564
562 563
562 564
562 565
563 564
563 565
563 566
564 565
564 566
564 567
565 566
565 567
565 568
566 567
566 568
566 569
567 569
567 570
568 569
568 570
568 609
569 571
569 572
569 618
570 571
570 572
570 573
571 572
571 574
572 573
572 574
572 575
573 574
573 575
573 576
574 575
574 577
574 764
575 576
575 577
575 578
576 577
576 578
576 794
576 947
576 874
577 578
577 579
577 580
578 579
578 580
578 581
579 580
579 581
579 582
579 987
580 581
580 582
580 583
581 582
581 583
581 584
581 878
582 583
582 584
582 585
583 584
583 585
583 586
583 710
583 803
584 585
584 586
584 587
585 586
585 587
585 588
586 587
586 588
586 813
587 588
587 589
587 590
588 589
588 590
588 591
589 590
589 591
590 591
590 592
590 593
591 594
591 609
592 593
592 594
592 595
593 594
593 595
593 596
594 595
594 596
594 597
595 596
595 597
595 598
596 597
596 598
597 598
597 600
598 599
598 600
598 601
599 600
599 601
599 602
600 601
600 602
600 603
601 602
601 603
601 604
602 603
602 605
603 604
603 605
603 606
604 605
604 606
604 607
604 874
605 606
605 607
605 714
606 607
606 608
607 608
607 609
607 610
608 609
608 610
608 611
608 732
609 610
609 612
610 611
610 612
611 612
611 613
611 614
612 613
612 614
613 614
613 615
613 616
614 616
614 617
615 616
615 617
616 617
616 618
616 619
617 618
617 619
617 620
618 619
618 620
619 621
619 622
619 692
620 621
620 622
620 623
621 622
621 623
621 624
622 624
622 625
623 624
623 625
623 626
624 625
624 626
624 627
625 626
625 627
625 752
625 826
626 627
626 628
627 628
627 629
627 630
628 629
628 630
628 631
628 947
629 630
629 631
629 632
629 783
630 631
630 633
630 661
631 632
631 633
631 634
632 633
632 634
632 635
633 634
633 635
633 636
634 635
634 636
634 738
635 637
635 638
636 637
636 638
636 639
637 638
637 639
637 640
637 657
638 640
638 641
638 904
639 641
639 642
640 641
640 642
640 643
641 642
641 643
641 644
642 643
642 644
642 645
643 644
643 645
643 646
644 645
644 646
644 647
645 646
645 647
645 648
645 875
646 647
646 648
646 649
647 648
647 649
648 649
648 650
648 651
649 650
649 651
649 652
649 731
650 651
650 652
650 653
651 654
651 728
652 653
652 654
652 655
653 654
653 655
653 656
654 655
654 656
654 657
655 656
655 657
655 658
656 658
656 659
657 658
657 660
658 659
658 660
658 661
659 660
659 661
659 662
660 661
660 662
660 663
661 662
661 663
662 663
662 664
662 665
663 664
663 665
663 666
664 665
664 666
664 667
665 666
665 667
665 668
666 667
666 668
666 669
667 668
667 669
667 670
668 669
668 670
668 671
669 670
669 671
669 672
669 845
670 671
670 672
670 673
671 672
671 674
672 673
672 674
672 675
673 674
673 675
673 676
674 675
674 676
674 692
675 676
675 677
675 678
676 677
676 678
676 679
677 678
677 679
677 680
678 680
678 681
678 924
679 680
679 681
680 681
680 682
680 683
681 682
681 683
681 684
682 683
682 684
682 685
683 684
683 685
683 686
684 685
684 687
685 686
685 687
685 688
686 687
686 688
686 997
687 688
687 689
687 690
688 689
688 690
689 690
689 691
689 692
690 691
690 692
690 693
690 900
691 692
691 693
691 694
692 693
692 694
692 695
692 897
693 694
693 695
693 779
694 695
694 696
694 697
695 697
695 698
696 697
696 698
696 699
697 698
697 699
697 700
698 700
698 701
698 740
699 700
699 701
699 702
700 701
700 702
700 703
700 997
701 702
701 703
701 704
702 703
702 704
702 705
703 704
703 706
704 705
704 706
704 707
705 706
705 707
705 708
706 707
706 708
706 709
707 708
707 709
707 710
708 709
708 710
708 711
709 710
709 711
709 712
710 712
710 713
711 712
711 713
711 714
712 713
712 714
712 715
713 714
713 715
713 716
714 715
714 716
714 717
715 716
715 717
715 903
716 717
716 718
716 719
717 718
717 719
717 720
718 719
718 720
718 721
719 720
719 721
719 722
720 721
720 722
720 723
721 722
721 723
721 724
722 723
722 724
722 725
723 725
723 726
724 726
724 727
724 955
725 726
725 727
725 728
726 727
726 728
726 729
726 751
727 728
727 729
727 730
728 729
728 730
728 731
729 730
729 731
729 732
730 732
730 733
730 866
731 732
731 733
732 733
732 735
733 734
733 735
733 736
734 735
734 736
734 737
735 736
735 737
736 737
736 738
736 739
737 738
737 739
737 740
738 739
738 740
738 741
739 740
739 741
739 742
740 742
740 743
741 742
741 743
741 744
742 743
742 744
742 745
742 848
743 744
743 745
743 746
743 943
744 745
744 746
744 747
745 746
745 991
746 747
746 748
746 749
747 748
747 749
747 750
748 749
748 750
748 827
749 750
749 751
749 752
750 751
750 752
750 753
751 752
751 754
752 753
752 754
752 755
753 754
753 755
753 756
754 755
754 756
754 757
755 756
755 757
755 758
756 757
756 758
756 759
757 758
757 759
757 760
758 759
758 760
758 888
759 760
759 761
759 762
760 761
760 762
760 763
761 762
761 763
761 764
762 763
762 764
762 765
763 764
763 765
763 766
764 765
764 766
764 767
765 766
765 768
765 942
766 768
766 769
767 768
767 769
767 770
768 769
768 770
768 771
769 770
769 771
769 772
770 772
770 773
771 772
771 773
771 774
772 773
772 774
772 775
773 774
773 775
773 776
774 775
774 776
774 777
775 776
775 777
775 778
776 778
776 779
777 778
777 779
777 780
778 779
778 780
778 781
779 780
779 781
779 782
780 781
780 782
780 783
781 782
781 783
781 784
782 783
782 784
782 785
783 784
783 785
784 785
784 786
784 787
785 786
785 787
785 788
786 787
786 788
787 788
787 789
787 790
788 789
788 790
788 791
789 790
789 791
789 792
790 791
790 792
790 793
791 792
791 793
791 794
792 793
792 795
793 794
793 795
793 796
794 796
794 797
795 796
795 797
795 798
796 797
796 798
796 868
796 856
797 798
797 799
797 800
798 799
798 800
798 988
799 800
799 801
799 802
800 801
800 802
800 803
801 802
801 803
801 804
802 803
802 804
802 805
803 804
803 805
804 805
804 807
804 811
805 806
805 807
805 808
806 807
806 808
806 809
807 809
807 810
808 809
808 810
808 811
809 810
809 811
809 868
809 825
810 812
810 813
810 887
811 812
811 813
811 814
812 813
812 814
812 815
813 814
813 815
813 816
814 815
814 816
815 816
815 817
815 818
816 817
816 819
817 818
817 820
817 830
818 819
818 821
819 820
819 821
819 822
820 821
820 822
820 823
821 822
821 823
821 824
822 823
822 824
823 824
823 825
823 826
824 825
824 826
825 826
825 827
825 828
826 827
826 828
827 828
827 829
827 830
828 829
828 830
828 831
829 830
829 831
829 832
830 831
830 832
830 833
831 832
831 833
831 834
832 833
832 834
832 838
833 834
833 836
834 835
834 836
834 864
834 935
835 836
835 837
835 838
836 837
836 839
837 838
837 839
837 840
837 894
838 839
838 840
838 841
839 840
839 841
839 842
840 841
840 842
841 844
842 843
842 844
842 845
843 844
843 845
843 846
844 845
844 846
844 847
845 847
845 848
846 847
846 848
846 849
847 848
847 849
847 850
848 850
848 956
849 850
849 851
849 852
850 851
850 852
850 853
851 852
851 853
851 854
852 853
852 854
853 854
853 855
853 856
854 855
854 856
855 856
855 857
855 858
856 857
856 858
856 859
857 858
857 859
857 860
858 859
858 860
858 861
859 860
859 861
859 862
860 862
860 863
860 890
861 862
861 863
861 864
862 863
862 864
862 865
863 865
863 866
864 866
864 867
865 866
865 867
865 868
866 868
866 869
867 868
867 869
867 870
869 870
869 871
869 872
870 871
870 872
870 873
871 872
871 873
871 874
872 873
872 874
872 875
873 874
873 875
873 876
873 896
874 875
874 877
875 877
875 878
876 877
876 878
876 879
877 878
877 879
877 880
878 880
878 881
879 880
879 881
879 882
880 881
880 882
880 883
881 882
881 883
881 884
882 883
882 884
882 885
883 884
883 885
883 886
884 885
884 886
884 887
885 886
885 887
885 888
886 887
886 888
886 889
887 888
887 889
887 950
888 889
888 890
888 891
889 890
889 891
889 892
890 891
890 892
890 893
891 893
891 894
892 893
892 894
892 895
893 894
893 895
893 896
894 895
895 896
895 897
895 898
896 897
896 898
896 953
897 898
897 900
898 899
898 901
899 900
899 901
899 902
900 902
900 903
901 902
901 903
902 903
902 904
902 905
903 904
903 905
903 906
904 905
904 906
904 907
905 906
905 907
905 908
906 907
906 908
906 909
907 908
907 909
908 909
908 910
908 911
909 910
909 911
909 912
910 911
910 912
910 913
911 912
911 913
911 914
912 913
912 914
912 915
913 914
913 915
913 916
914 915
914 916
915 916
915 917
915 918
916 917
916 918
916 919
917 918
917 919
917 920
918 919
918 921
919 920
919 921
919 922
920 921
920 922
920 923
921 922
921 923
921 924
922 923
922 924
922 925
923 924
923 925
923 926
924 925
924 927
924 967
925 926
925 927
925 928
926 927
926 928
926 929
927 928
927 929
927 930
928 929
928 930
928 931
929 930
929 931
929 932
930 931
931 932
931 933
931 934
932 933
932 934
932 935
933 934
933 935
933 936
934 935
934 936
934 937
935 936
935 937
935 938
936 937
936 938
936 939
937 938
937 939
937 940
938 939
938 940
938 941
939 940
939 941
939 942
940 941
940 942
940 943
941 942
941 943
941 944
942 943
942 944
942 945
943 946
944 945
944 946
944 947
945 946
945 947
945 948
946 947
946 948
946 949
947 950
948 949
948 950
948 951
949 950
949 951
949 952
950 952
950 953
951 953
951 954
952 953
952 954
952 955
953 955
953 956
954 955
954 956
954 957
955 956
955 957
955 958
956 958
956 959
957 958
957 960
958 959
958 960
958 961
959 960
959 961
959 962
960 961
960 962
960 963
961 962
961 963
961 964
962 963
962 964
962 965
963 964
963 965
963 966
964 965
964 966
964 967
965 966
965 967
965 968
966 967
966 968
966 969
967 968
967 970
968 969
968 971
969 970
969 971
969 972
970 971
970 972
970 973
971 972
971 973
971 974
972 973
972 974
972 975
973 974
973 975
973 976
974 975
974 976
974 977
975 976
975 977
975 978
976 977
976 978
976 979
977 979
977 980
978 979
978 980
978 981
979 980
979 981
979 982
980 981
980 982
980 983
981 982
981 983
981 984
982 983
982 984
982 985
983 984
983 985
983 986
984 985
984 986
984 987
985 986
985 987
985 988
986 987
986 988
987 988
987 990
988 989
988 990
988 991
989 990
989 991
989 992
990 991
990 992
990 993
991 992
991 993
991 994
992 993
992 994
992 995
993 994
993 995
993 996
994 995
994 996
995 996
995 997
995 998
996 997
996 998
996 999
997 999
997 1000
998 999
998 1000
999 1000
