1000 5000
1 1000
1 3
1 998
1 5
1 6
1 996
1 113
1 976
1 945
1 214
2 4
2 1000
2 5
2 999
2 6
2 7
2 997
2 681
2 682
2 474
2 965
3 4
3 5
3 6
3 1000
3 999
3 8
3 998
3 22
3 404
4 5
4 6
4 1000
4 999
4 489
4 501
4 110
4 162
4 787
5 9
5 10
5 1000
5 609
5 74
5 294
5 378
6 7
6 8
6 9
6 11
6 22
6 102
7 8
7 10
7 11
7 12
7 696
7 423
7 436
8 9
8 10
8 11
8 13
8 390
8 750
9 10
9 11
9 13
9 150
9 920
9 820
9 585
10 12
10 13
10 15
10 871
10 287
10 612
11 12
11 13
11 14
11 16
11 704
12 13
12 14
12 15
12 375
12 107
12 336
12 787
13 14
13 15
13 16
13 17
13 190
13 523
13 675
14 15
14 16
14 17
14 18
14 19
14 353
14 704
15 16
15 17
15 19
15 80
15 216
15 610
15 375
15 319
16 17
16 19
16 20
16 21
16 243
16 217
17 21
17 22
17 934
17 300
17 221
17 697
17 27
17 894
18 20
18 21
18 22
18 23
18 688
18 266
18 50
18 75
18 439
19 20
19 21
19 22
19 24
19 599
19 656
20 21
20 22
20 23
20 25
20 963
20 982
21 22
21 23
21 24
21 25
21 26
21 649
21 877
22 23
22 26
22 191
23 24
23 25
23 27
23 28
23 878
23 153
24 25
24 26
24 28
24 29
24 309
24 990
24 760
24 851
24 944
25 27
25 28
25 30
25 581
25 212
26 27
26 29
26 30
26 543
26 536
26 931
27 28
27 29
27 30
27 32
27 986
27 809
27 973
28 30
28 31
28 32
28 389
28 778
28 318
29 30
29 31
29 32
29 34
29 157
30 32
30 860
30 75
30 431
30 932
31 33
31 34
31 36
31 117
31 225
32 33
32 34
32 35
32 36
32 358
33 34
33 36
33 37
33 38
33 650
33 743
34 35
34 37
34 38
34 39
34 657
34 704
34 262
35 36
35 37
35 39
35 40
35 677
35 567
36 37
36 38
36 39
36 40
36 41
36 665
37 38
37 39
37 41
37 42
37 583
37 821
38 39
38 42
38 43
38 415
38 281
38 938
39 40
39 42
39 43
39 44
39 409
39 853
40 43
40 44
40 259
40 420
40 97
40 531
40 261
40 490
40 410
41 42
41 44
41 46
41 161
41 378
41 604
41 740
41 514
42 43
42 46
42 47
42 679
42 97
42 811
42 906
43 44
43 48
43 665
43 436
43 544
43 971
43 75
43 264
44 45
44 49
44 51
44 312
44 192
44 159
44 189
45 46
45 47
45 48
45 632
45 328
45 536
46 47
46 48
46 49
46 50
46 51
46 214
47 48
47 50
47 51
47 52
47 836
47 692
47 543
48 49
48 50
48 52
48 53
48 580
48 303
48 833
48 441
49 51
49 53
49 54
49 134
49 197
49 464
50 52
50 54
50 322
50 988
50 958
50 134
50 884
51 53
51 56
51 547
51 748
51 757
52 53
52 54
52 55
52 56
52 516
52 146
52 975
52 156
52 840
53 54
53 55
53 57
53 416
53 636
53 478
54 57
54 58
54 59
54 629
54 292
54 844
54 653
54 896
55 56
55 57
55 59
55 113
55 592
55 601
55 238
56 57
56 58
56 59
56 61
56 642
57 58
57 59
57 60
57 99
57 520
58 59
58 60
58 61
58 62
58 63
58 105
59 61
59 62
59 63
59 64
59 565
60 62
60 63
60 65
60 400
60 989
60 908
60 706
61 63
61 64
61 65
61 996
61 584
61 696
61 437
61 98
62 63
62 64
62 65
62 752
62 504
63 65
63 66
63 67
63 68
63 509
63 294
64 65
64 66
64 67
64 68
64 644
64 105
64 824
64 91
65 66
65 67
65 68
65 224
65 890
65 882
66 69
66 70
66 137
66 470
66 985
66 857
67 68
67 69
67 70
67 72
67 186
67 471
67 154
67 802
68 69
68 70
68 71
68 72
68 258
68 298
68 947
68 155
69 73
69 584
69 815
69 868
69 222
69 956
69 751
69 990
70 71
70 72
70 74
70 75
70 395
71 72
71 74
71 75
71 76
71 130
71 104
71 80
71 191
72 73
72 74
72 75
72 76
72 77
72 533
73 74
73 76
73 77
73 78
73 985
73 692
74 75
74 76
74 77
74 78
74 79
74 912
74 271
75 76
75 77
75 79
75 185
75 980
75 589
75 318
76 77
76 78
76 79
76 80
76 265
76 537
76 333
77 78
77 79
77 80
77 81
77 82
77 444
78 79
78 80
78 82
78 755
78 975
78 952
79 80
79 81
79 83
79 84
79 475
80 82
80 83
80 85
80 173
80 681
81 83
81 85
81 86
81 281
81 820
82 84
82 85
82 87
82 526
82 177
83 85
83 86
83 88
83 410
83 493
83 136
84 85
84 86
84 87
84 88
84 401
85 86
85 88
85 90
85 291
85 561
85 530
85 123
85 189
85 241
85 541
86 87
86 89
86 90
86 860
86 164
86 413
86 912
87 88
87 89
87 90
87 92
87 203
87 388
87 719
88 89
88 91
88 92
88 93
88 665
88 701
88 497
89 91
89 92
89 93
89 94
89 729
89 891
89 226
89 235
89 512
90 392
90 867
90 330
90 124
90 391
90 763
91 92
91 93
91 94
91 720
91 570
92 93
92 94
92 95
92 866
92 933
92 728
93 96
93 97
93 98
93 384
93 137
94 95
94 99
94 981
94 687
94 889
94 688
94 784
94 396
94 548
94 285
95 97
95 98
95 99
95 532
95 588
95 640
96 97
96 100
96 101
96 883
96 381
96 310
96 180
97 100
97 101
97 102
97 292
97 211
97 521
97 232
98 99
98 102
98 464
98 926
98 226
99 100
99 101
99 102
99 104
99 437
100 101
100 102
100 105
100 768
100 991
100 641
101 102
101 103
101 104
101 106
101 669
102 103
102 105
102 106
102 107
102 224
102 275
102 571
103 104
103 105
103 107
103 108
103 481
103 509
104 105
104 107
104 108
104 109
104 754
104 634
104 817
105 107
105 108
105 195
105 667
106 108
106 111
106 991
106 758
106 584
107 108
107 110
107 111
107 112
107 605
107 615
107 129
108 109
108 110
108 111
108 113
108 739
108 993
109 110
109 111
109 112
109 113
109 114
109 562
109 866
110 111
110 112
110 114
110 400
110 269
111 114
111 115
111 116
111 741
111 670
112 113
112 114
112 115
112 116
112 117
112 440
112 557
113 114
113 115
113 116
113 117
113 118
113 427
114 115
114 117
114 118
114 572
114 544
114 910
114 351
115 118
115 822
115 140
115 177
115 957
115 466
115 956
116 117
116 118
116 120
116 993
116 300
117 118
117 119
117 121
117 122
117 442
117 812
118 119
118 120
118 121
118 123
118 693
118 350
119 120
119 121
119 122
119 123
119 303
119 975
120 121
120 122
120 124
120 125
120 932
121 122
121 123
121 125
121 356
121 740
121 523
121 961
122 123
122 124
122 126
122 127
122 794
122 861
123 125
123 127
123 128
123 455
123 714
123 913
124 125
124 126
124 128
124 129
124 147
124 693
124 403
125 126
125 127
125 128
125 129
125 130
125 272
125 489
126 128
126 129
126 130
126 131
126 810
126 174
126 370
126 569
127 128
127 129
127 132
127 214
127 922
127 840
128 131
128 132
128 133
128 294
128 364
128 620
128 282
128 383
128 466
129 131
129 132
129 134
129 794
129 399
130 132
130 133
130 134
130 135
130 808
131 132
131 133
131 134
131 135
131 136
131 826
131 941
131 575
131 794
131 238
131 200
132 133
132 134
132 136
132 137
132 220
132 542
133 134
133 137
133 589
133 650
133 640
133 564
134 135
134 136
134 138
134 139
134 233
135 136
135 137
135 138
135 139
135 140
135 595
136 137
136 138
136 139
136 140
136 141
136 413
137 138
137 139
137 140
137 141
137 142
138 139
138 140
138 142
138 143
138 262
139 140
139 141
139 142
139 143
139 144
139 912
140 141
140 142
140 143
140 144
140 145
140 767
140 163
141 143
141 145
141 146
141 805
141 251
142 143
142 144
142 147
142 738
142 384
142 807
143 144
143 147
143 312
143 454
143 813
143 947
143 992
144 145
144 147
144 148
144 492
144 863
144 264
145 147
145 148
145 149
145 224
145 357
145 387
145 817
146 147
146 148
146 151
146 610
146 980
147 151
147 239
147 235
147 484
147 544
148 149
148 151
148 739
148 527
148 881
148 408
149 150
149 152
149 153
149 154
149 227
150 152
150 153
150 836
150 474
150 269
150 828
151 152
151 153
151 154
151 155
151 156
152 154
152 155
152 157
152 401
152 888
153 154
153 876
153 273
153 913
153 278
153 229
153 157
154 155
154 158
154 159
154 792
154 753
155 156
155 157
155 158
155 159
155 160
156 157
156 158
156 159
156 160
156 161
156 344
156 533
157 159
157 160
157 161
157 188
157 713
157 431
157 550
158 159
158 160
158 161
158 162
158 163
158 740
159 160
159 163
159 164
159 169
159 528
159 721
159 980
160 161
160 162
160 164
160 165
160 451
161 162
161 163
161 166
161 798
161 858
161 390
162 163
162 165
162 167
162 329
162 801
163 164
163 165
163 167
163 888
163 673
163 173
164 165
164 166
164 167
164 169
165 166
165 168
165 169
165 170
165 462
166 167
166 168
166 170
166 171
166 789
166 735
167 168
167 169
167 170
167 171
167 172
167 372
167 555
167 684
168 169
168 172
168 253
168 579
168 549
169 170
169 171
169 172
169 173
169 174
170 171
170 174
170 498
170 691
170 586
170 656
171 173
171 175
171 854
171 523
171 562
171 196
171 186
171 798
171 273
171 373
171 388
171 595
172 174
172 175
172 176
172 177
172 744
173 174
173 175
173 178
174 175
174 176
174 177
174 496
175 176
175 177
175 178
175 179
175 180
175 450
175 765
175 930
176 177
176 179
176 180
176 181
176 873
176 532
176 934
177 178
177 180
177 182
177 528
178 180
178 181
178 182
178 878
178 509
178 985
179 180
179 181
179 182
179 183
179 360
179 483
179 769
179 711
179 205
180 181
180 182
180 183
180 185
180 513
180 918
181 184
181 185
181 722
181 846
181 250
182 183
182 184
182 186
182 187
182 995
182 497
183 184
183 185
183 187
183 188
183 603
184 185
184 186
184 187
184 188
184 189
184 856
185 187
185 188
185 189
185 190
185 721
185 953
185 433
186 187
186 189
186 291
186 243
187 189
187 192
187 655
187 230
187 271
187 739
187 311
188 189
188 191
188 192
188 193
188 401
188 323
189 191
189 192
189 194
189 607
190 191
190 193
190 194
190 195
191 192
191 193
191 194
191 195
191 620
192 193
192 195
192 196
192 476
192 201
192 346
192 709
193 194
193 195
193 196
193 197
193 198
193 686
194 195
194 196
194 197
194 991
194 266
194 514
195 197
195 198
195 200
195 506
195 601
195 832
195 797
195 988
196 198
196 200
196 453
196 577
196 699
196 750
196 927
197 198
197 200
197 201
197 202
197 883
197 504
197 729
198 200
198 201
198 202
198 674
198 701
199 201
199 202
199 203
199 204
199 277
200 202
200 203
200 205
200 573
200 848
201 203
201 206
201 737
201 363
201 552
202 203
202 206
202 207
202 254
202 571
202 256
203 205
203 208
203 666
203 355
203 996
204 205
204 207
204 208
204 209
204 367
204 366
204 353
204 602
205 206
205 207
205 208
205 209
205 210
205 887
206 207
206 208
206 209
206 210
206 211
206 938
206 452
207 208
207 209
207 210
207 211
207 212
207 764
208 209
208 210
208 212
208 213
208 527
208 611
208 941
209 210
209 211
209 212
209 213
209 293
209 740
210 211
210 212
210 214
210 973
210 496
210 664
211 215
211 216
211 931
211 591
211 645
212 213
212 216
212 217
212 702
212 838
213 215
213 216
213 218
213 260
213 900
213 785
214 215
214 217
214 219
215 216
215 217
215 218
215 219
215 220
215 734
215 577
216 217
216 219
216 652
216 360
216 678
217 218
217 221
217 222
217 805
217 636
218 219
218 221
218 223
218 853
218 267
218 842
219 220
219 221
219 222
219 223
219 833
219 228
220 221
220 222
220 223
220 225
220 683
221 222
221 224
221 225
221 226
221 655
221 493
221 600
222 223
222 225
222 226
222 227
222 649
222 573
223 224
223 225
223 227
223 228
223 363
223 773
223 807
224 226
224 228
224 229
224 908
224 257
224 409
224 245
225 228
225 229
225 230
225 444
225 1000
225 974
226 227
226 228
226 523
226 269
227 230
227 231
227 232
227 602
227 513
228 229
228 230
228 231
228 232
228 233
228 530
228 666
228 690
229 230
229 231
229 232
229 233
229 404
229 932
229 921
230 231
230 232
230 233
230 235
230 780
230 803
230 401
230 454
231 233
231 234
231 235
231 236
231 572
231 717
232 233
232 234
232 235
232 237
232 539
232 336
232 914
233 236
233 238
233 399
233 548
234 236
234 237
234 238
234 309
234 332
235 237
235 239
235 240
236 237
236 238
236 239
236 240
236 241
236 898
236 339
236 480
237 238
237 239
237 240
237 242
237 263
238 240
238 242
238 639
238 747
238 254
238 640
239 240
239 242
239 244
239 659
239 635
239 459
240 241
240 244
240 245
240 816
240 274
240 568
240 581
240 670
241 242
241 243
241 244
241 623
241 596
241 271
242 243
242 244
242 246
242 247
242 702
243 244
243 245
243 246
243 247
243 248
244 247
244 248
244 249
244 450
244 300
245 246
245 289
245 526
245 517
245 458
245 554
246 247
246 248
246 250
246 251
246 546
246 736
247 248
247 249
247 250
247 251
247 669
247 574
247 411
248 249
248 250
248 252
248 668
248 354
248 679
248 700
249 252
249 253
249 600
249 458
249 758
249 434
249 537
249 920
250 251
250 252
250 253
250 255
250 347
251 252
251 254
251 255
251 256
251 600
251 792
251 783
252 253
252 254
252 255
252 257
252 582
253 254
253 255
253 258
253 863
253 854
253 548
254 257
254 259
254 402
254 953
254 488
255 256
255 258
255 260
255 304
255 267
256 257
256 258
256 259
256 261
256 512
256 818
257 258
257 259
257 260
257 261
257 262
257 433
257 862
258 260
258 261
258 262
258 263
259 261
259 262
259 264
259 904
259 308
260 261
260 262
260 263
260 264
260 265
260 324
261 262
261 263
261 264
261 266
261 273
262 263
262 264
262 265
262 991
262 361
263 264
263 265
263 267
263 644
263 757
264 269
264 415
264 850
264 472
264 522
265 267
265 268
265 269
265 270
265 770
265 662
266 269
266 270
266 271
266 544
267 270
267 271
267 272
267 654
267 563
268 270
268 272
268 273
268 405
268 553
268 699
268 825
269 270
269 271
269 272
269 274
269 845
269 574
270 272
270 273
270 274
270 275
270 915
270 922
271 272
271 273
271 275
272 273
272 274
272 276
272 277
273 274
273 277
273 278
273 660
273 519
273 501
274 275
274 277
274 278
274 279
274 964
274 583
275 276
275 277
275 278
275 804
275 562
276 277
276 279
276 280
276 281
276 611
276 886
276 449
277 278
277 280
277 281
277 282
277 729
277 593
278 279
278 280
278 282
278 283
279 281
279 282
279 467
279 777
279 429
279 870
279 789
280 281
280 282
280 283
280 284
280 285
281 283
281 284
281 285
281 286
281 894
282 283
282 284
282 286
282 287
282 340
282 377
283 284
283 285
283 286
283 287
283 288
283 717
284 285
284 286
284 287
284 288
284 761
284 811
285 286
285 287
285 288
285 548
285 506
286 287
286 290
286 547
286 943
286 687
286 309
287 288
287 289
287 291
287 292
287 617
288 291
288 292
288 782
288 715
288 332
289 290
289 292
289 294
289 775
289 706
289 914
290 291
290 292
290 293
290 294
290 295
291 294
291 295
291 296
291 926
292 294
292 295
292 296
292 350
292 475
292 361
293 294
293 297
293 298
293 903
294 295
294 297
294 299
294 655
295 296
295 297
295 298
295 300
295 356
296 297
296 298
296 299
296 301
296 831
297 298
297 300
297 301
297 302
297 479
297 865
297 372
298 299
298 301
298 302
298 303
298 694
298 713
299 300
299 301
299 302
299 348
299 946
299 556
300 302
300 303
300 304
300 305
300 862
301 302
301 304
301 305
301 306
301 602
301 716
302 303
302 304
302 305
302 306
302 307
302 535
303 306
303 307
303 308
303 461
304 305
304 307
304 308
304 309
304 489
304 986
305 306
305 307
305 308
305 309
305 310
305 501
306 307
306 308
306 309
306 310
306 311
306 656
306 813
307 308
307 309
307 310
307 311
307 312
308 309
308 310
308 311
308 313
308 768
309 311
309 312
309 313
309 314
310 311
310 312
310 314
310 315
311 313
311 314
311 316
311 972
311 977
312 315
312 317
312 762
312 801
312 695
313 314
313 315
313 317
313 318
313 852
314 315
314 316
314 319
314 600
314 535
314 506
314 739
315 316
315 318
315 319
315 320
315 677
315 587
316 318
316 319
316 321
316 612
316 874
316 971
316 890
316 845
317 319
317 320
317 321
317 324
317 629
317 439
317 434
318 319
318 320
318 321
318 323
318 799
319 320
319 323
319 935
319 568
319 733
319 432
319 487
320 321
320 322
320 324
320 759
320 450
320 631
321 322
321 323
321 324
321 325
321 326
322 323
322 324
322 326
322 327
322 654
322 603
322 728
323 324
323 325
323 326
323 327
323 670
323 734
323 501
323 444
324 326
324 328
324 358
324 355
324 661
324 413
325 326
325 327
325 328
325 330
325 990
325 776
326 328
326 329
326 330
326 331
326 793
327 329
327 330
327 331
327 332
327 824
327 748
328 329
328 330
328 331
328 689
328 811
329 330
329 332
329 333
329 807
329 784
330 331
330 332
330 333
330 334
330 733
331 332
331 333
331 334
331 335
331 796
332 333
332 335
332 336
332 337
332 606
333 334
333 336
333 337
333 390
333 774
333 928
334 335
334 336
334 337
334 338
334 339
334 364
335 337
335 338
335 339
335 340
335 399
335 560
335 791
336 337
336 338
336 339
336 341
336 651
336 678
336 431
337 339
337 341
337 342
337 520
337 406
337 450
338 341
338 343
338 968
338 408
338 753
338 889
338 971
339 340
339 342
339 343
339 344
340 342
340 343
340 344
340 345
341 342
341 343
341 344
341 345
341 346
342 343
342 345
342 346
342 737
342 945
342 797
343 344
343 347
343 610
343 560
343 502
343 721
344 345
344 347
344 348
344 349
345 348
345 349
345 754
345 700
345 552
345 661
346 347
346 349
346 351
346 354
346 804
347 348
347 349
347 351
347 352
347 486
347 497
348 349
348 350
348 353
348 712
348 557
349 350
349 351
349 352
349 353
349 354
349 993
349 442
349 885
350 352
350 752
350 668
351 353
351 354
351 355
351 356
351 443
351 999
352 353
352 356
352 357
352 780
352 561
353 355
353 356
353 357
353 853
354 355
354 356
354 357
354 358
354 359
355 356
355 357
355 359
355 360
355 522
356 358
356 359
356 360
356 361
356 644
356 659
356 420
357 360
357 362
357 382
357 540
357 871
357 915
358 359
358 360
358 361
358 362
358 623
359 360
359 361
359 362
359 364
359 502
359 818
360 361
360 363
360 364
360 889
361 364
361 365
361 875
361 715
361 631
362 363
362 364
362 365
362 366
362 367
362 671
363 367
363 776
363 432
363 775
363 975
364 366
364 367
364 368
365 367
365 368
365 369
365 370
365 526
366 368
366 371
366 766
366 507
366 473
367 369
367 370
367 371
367 372
367 466
368 369
368 371
368 373
368 430
368 848
369 370
369 371
369 373
369 374
369 576
369 754
370 373
370 375
370 393
370 442
370 986
371 372
371 374
371 375
371 697
371 668
371 586
372 373
372 375
372 384
373 374
373 375
373 376
373 377
374 375
374 376
374 377
374 378
374 379
374 611
375 376
375 379
375 380
375 821
375 414
376 377
376 378
376 381
376 440
376 547
376 822
376 756
377 378
377 380
377 381
377 382
378 379
378 381
378 383
378 904
379 380
379 381
379 382
379 384
379 641
380 381
380 382
380 383
380 384
380 385
380 664
381 382
381 383
381 384
381 385
381 386
381 520
382 383
382 384
382 385
382 386
382 387
382 782
383 384
383 385
383 386
383 387
383 779
384 385
384 386
384 387
384 388
384 389
385 387
385 388
385 389
385 390
385 901
386 387
386 389
386 391
386 870
386 666
387 388
387 389
387 390
387 391
387 643
388 389
388 390
388 748
389 390
389 391
389 392
389 393
389 394
389 650
390 391
390 393
390 394
390 954
391 394
391 395
391 914
391 690
391 844
392 393
392 394
392 395
392 397
392 827
392 885
393 394
393 395
393 398
393 594
393 940
393 599
394 396
394 397
394 398
394 545
394 430
394 703
394 517
395 396
395 397
395 398
395 399
395 669
396 397
396 399
396 400
396 401
396 752
396 865
396 499
397 399
397 401
397 402
397 952
397 887
398 400
398 401
398 402
398 403
398 413
399 400
399 401
399 403
399 534
399 633
400 402
400 403
400 405
400 423
400 917
401 403
401 405
401 406
401 420
401 474
402 403
402 405
402 406
402 407
403 404
403 405
403 406
403 407
403 408
404 406
404 407
404 408
404 409
404 894
405 406
405 407
405 408
405 409
405 410
405 662
405 983
406 408
406 409
406 411
406 690
406 813
407 408
407 409
407 411
407 412
407 849
408 410
408 411
408 413
408 713
408 788
409 411
409 413
409 621
409 684
409 732
410 411
410 412
410 413
410 414
410 707
410 961
411 412
411 413
411 416
411 705
411 857
412 413
412 414
412 416
412 417
412 682
412 443
412 964
413 414
413 663
413 719
414 415
414 416
414 418
414 843
414 488
414 602
414 612
414 841
414 700
415 417
415 418
415 474
415 612
415 568
416 419
416 420
416 421
416 450
417 418
417 420
417 497
417 849
417 702
417 489
418 419
418 420
418 421
418 422
418 677
418 961
419 420
419 421
419 423
419 424
419 655
419 836
420 421
420 422
420 423
420 425
420 978
421 422
421 423
421 424
421 425
421 426
422 424
422 425
422 426
422 427
422 821
422 789
422 998
423 424
423 428
423 979
423 692
423 932
424 425
424 426
424 427
424 429
424 693
425 426
425 428
425 429
425 430
425 595
426 427
426 428
426 429
426 430
426 431
427 429
427 430
427 432
427 726
427 725
428 429
428 431
428 432
428 433
428 694
429 430
429 431
429 434
429 977
429 748
430 432
430 433
430 434
430 435
430 824
430 654
430 802
431 432
431 434
431 504
432 433
432 434
432 435
432 437
432 994
433 436
433 496
433 653
433 647
434 435
434 436
434 565
434 834
434 534
435 436
435 437
435 438
435 439
435 440
436 437
436 438
436 441
436 968
436 811
436 934
437 438
437 439
437 440
437 441
437 442
438 439
438 440
438 441
438 443
438 580
438 857
439 440
439 442
439 443
439 677
439 476
439 525
440 443
440 444
440 995
441 442
441 443
441 444
441 446
441 925
441 752
442 443
442 446
442 447
442 492
442 923
443 444
443 446
443 447
443 704
443 474
444 445
444 447
444 448
444 449
445 446
445 447
445 448
445 449
445 450
446 447
446 448
446 449
446 451
446 563
446 722
446 998
447 448
447 449
447 451
447 452
447 491
447 577
448 450
448 451
448 453
448 892
448 818
448 784
449 450
449 451
449 452
449 453
450 451
450 455
451 452
451 454
451 456
451 933
451 967
452 453
452 455
452 456
452 948
453 454
453 455
453 456
453 457
453 458
453 722
453 712
453 480
453 864
454 455
454 457
454 459
455 456
455 457
455 459
455 460
455 582
455 656
456 457
456 458
456 459
456 461
456 979
456 647
457 458
457 459
457 460
457 461
457 462
457 535
458 459
458 460
458 461
458 462
458 463
459 460
459 461
459 462
459 463
459 464
460 461
460 462
460 463
460 464
460 465
460 788
460 950
460 688
461 462
461 463
461 466
461 889
462 463
462 464
462 466
462 467
462 914
462 900
463 465
463 466
463 468
463 576
463 773
463 686
463 570
463 766
464 465
464 466
464 468
464 469
465 466
465 467
465 468
465 469
465 470
466 468
466 469
466 470
466 718
466 757
466 866
467 468
467 469
467 470
467 471
467 472
467 859
467 533
468 469
468 470
468 471
468 472
468 606
468 483
469 470
469 472
469 473
469 474
469 742
470 471
470 472
470 473
470 474
470 819
471 472
471 474
471 896
471 566
471 701
472 474
472 475
472 476
472 781
472 993
472 885
472 818
473 476
473 477
473 478
473 843
473 545
474 475
474 477
474 478
474 628
475 476
475 477
475 478
475 480
475 907
476 478
476 479
476 481
476 532
476 666
476 995
477 478
477 479
477 480
477 481
477 482
477 730
478 479
478 481
478 482
478 483
478 990
479 481
479 482
479 483
479 484
479 527
480 481
480 483
480 485
481 482
481 483
481 484
481 486
481 581
481 621
482 483
482 484
482 485
482 486
482 487
482 808
483 484
483 974
483 697
483 800
484 485
484 486
484 487
484 489
484 866
485 486
485 487
485 488
485 489
485 490
485 713
486 488
486 489
486 490
486 865
487 489
487 491
487 809
487 532
487 838
487 732
488 489
488 491
488 493
488 622
488 942
489 491
489 589
490 491
490 492
490 493
490 494
490 802
491 493
491 494
491 495
491 496
491 589
492 494
492 495
492 496
492 497
493 496
493 498
493 502
493 829
494 495
494 496
494 497
494 498
494 499
494 523
495 496
495 497
495 498
495 499
495 500
496 497
496 498
496 499
496 501
496 715
497 498
497 499
497 500
497 501
498 499
498 500
498 501
498 502
498 684
499 500
499 501
499 503
499 504
499 675
500 501
500 502
500 503
500 504
500 505
501 502
501 504
502 503
502 504
502 505
502 507
502 608
503 505
503 507
503 508
503 580
503 860
503 829
504 505
504 506
504 507
504 508
504 509
504 636
505 506
505 508
505 509
505 510
505 818
506 508
506 509
506 510
506 907
507 508
507 509
507 511
507 512
507 917
508 509
508 510
508 511
508 512
508 513
508 752
509 510
509 511
509 513
509 514
509 651
510 511
510 512
510 513
510 514
510 515
510 665
511 512
511 514
511 516
511 601
511 645
511 772
512 513
512 514
512 516
512 517
512 554
513 514
513 515
513 517
513 518
513 863
514 515
514 516
514 517
514 519
514 578
515 516
515 518
515 520
515 673
515 645
516 517
516 518
516 520
516 521
517 518
517 519
517 520
517 522
517 831
518 519
518 521
518 522
518 865
518 748
519 520
519 523
519 524
519 929
519 563
520 521
520 523
520 524
520 981
520 657
521 524
521 525
521 873
521 903
521 744
522 523
522 525
522 527
522 960
523 524
523 967
524 526
524 527
524 528
524 529
524 705
525 526
525 527
525 528
525 529
525 734
526 527
526 530
526 531
526 857
526 741
527 528
527 530
527 531
527 532
527 659
528 531
528 532
528 533
528 973
528 882
529 530
529 531
529 534
529 915
529 835
530 531
530 532
530 534
530 535
531 532
531 534
531 535
531 536
531 895
532 534
532 536
532 537
532 633
532 590
532 707
533 534
533 536
533 985
533 753
534 535
534 537
534 539
535 536
535 539
535 540
536 538
536 539
536 540
536 541
536 868
537 538
537 539
537 659
537 704
538 541
538 542
538 543
538 641
538 903
539 543
539 544
539 604
539 613
540 543
540 544
540 545
540 861
540 836
541 542
541 543
541 544
541 545
542 544
542 545
542 594
542 848
542 785
543 545
543 546
543 548
544 545
544 546
544 549
544 673
544 897
544 990
545 546
545 547
545 548
545 578
545 913
546 547
546 548
546 549
546 551
546 815
547 551
547 552
547 708
548 549
548 550
548 553
549 550
549 551
549 553
549 554
549 756
549 902
550 551
550 552
550 553
550 905
550 915
550 929
551 552
551 553
551 554
551 555
551 556
552 553
552 555
552 556
552 557
552 847
553 556
553 557
553 558
553 631
554 555
554 557
554 558
554 628
555 556
555 557
555 559
555 560
556 557
556 558
556 560
556 561
556 866
556 800
557 558
557 560
557 561
557 601
558 559
558 560
558 562
558 563
558 606
558 982
559 560
559 561
559 562
559 563
559 564
560 561
560 562
560 563
560 564
560 607
561 563
561 565
561 566
561 856
561 688
562 565
562 566
562 567
562 924
563 567
563 568
563 683
564 565
564 567
564 568
564 680
564 595
564 749
565 566
565 567
565 568
565 569
565 570
565 687
566 568
566 570
566 727
566 711
566 970
566 866
567 568
567 570
567 571
567 572
567 815
568 569
568 572
568 573
568 705
569 570
569 571
569 572
569 573
569 844
570 571
570 572
570 573
570 574
570 853
570 647
571 572
571 573
571 574
571 575
571 945
571 997
572 575
572 576
572 577
572 841
573 574
573 575
573 576
573 577
574 575
574 577
574 883
575 576
575 578
575 580
575 868
575 816
576 577
576 578
576 579
576 580
576 581
576 625
577 579
577 580
577 581
578 579
578 580
578 581
578 582
578 675
578 910
579 580
579 581
579 583
579 584
579 872
580 583
580 584
580 684
581 582
581 583
581 585
581 586
582 583
582 584
582 585
582 586
582 587
582 820
583 584
583 585
583 586
583 588
583 949
583 979
584 586
584 587
584 588
584 589
584 784
584 620
585 586
585 587
585 588
585 589
585 632
585 669
585 924
585 917
586 587
586 589
586 941
586 787
587 589
587 590
587 591
587 816
588 589
588 593
588 948
588 894
588 876
589 592
589 593
589 594
589 846
590 591
590 593
590 594
590 595
590 694
590 708
590 871
590 981
591 594
591 595
591 596
591 800
591 871
592 593
592 594
592 595
592 597
592 729
593 594
593 596
593 840
593 702
594 595
594 596
594 597
594 598
594 599
595 596
595 597
595 598
596 597
596 600
596 935
596 721
597 598
597 599
597 600
597 601
597 602
598 599
598 600
598 601
598 602
598 603
599 600
599 601
599 604
599 650
600 601
600 602
600 603
600 604
601 602
601 606
601 939
602 605
602 606
602 604
603 604
603 606
603 607
603 608
603 684
604 605
604 607
604 609
604 686
605 606
605 607
605 608
605 609
605 610
606 607
606 608
606 609
606 610
606 611
606 634
606 876
607 608
607 610
607 611
607 612
607 621
607 761
608 609
608 610
608 612
608 962
609 610
609 612
609 613
609 614
609 908
609 793
609 916
609 714
610 611
610 615
610 905
611 612
611 616
611 833
612 613
612 615
612 616
613 614
613 615
613 616
613 941
613 901
613 749
613 724
614 616
614 617
614 618
614 619
614 986
615 616
615 617
615 619
615 620
616 617
616 618
616 619
616 620
616 621
616 895
617 618
617 619
617 620
617 622
617 970
618 619
618 621
618 623
618 725
618 979
618 821
619 620
619 621
619 622
619 623
619 624
620 621
620 623
620 625
621 622
621 624
621 626
622 623
622 625
622 627
622 651
623 625
623 627
623 628
623 815
623 663
623 991
624 627
624 628
624 629
624 826
624 668
625 627
625 628
625 629
625 630
626 627
626 628
626 629
626 630
626 631
626 728
627 628
627 629
627 630
627 631
627 632
628 630
628 631
628 632
628 774
629 631
629 632
629 633
629 634
630 631
630 632
630 633
630 634
630 635
631 632
631 634
631 635
631 636
631 884
632 634
632 635
632 636
632 637
632 943
633 636
633 637
633 638
633 925
633 801
634 636
634 638
634 639
634 806
635 636
635 639
635 640
635 664
635 729
635 944
635 650
636 638
636 641
636 783
636 639
637 638
637 639
637 640
637 641
637 642
638 640
638 641
638 642
638 643
638 720
639 640
639 641
639 643
639 644
640 641
640 642
640 644
640 740
640 920
641 642
641 644
641 645
641 646
641 709
642 643
642 644
642 645
642 646
642 647
642 841
643 646
643 647
643 648
643 974
643 734
643 919
644 646
644 648
644 649
644 825
645 646
645 649
645 650
646 647
646 648
646 650
646 651
646 675
647 648
647 649
647 650
647 899
648 649
648 650
648 651
648 652
648 653
648 947
649 650
649 654
649 833
650 651
650 654
650 695
651 652
651 655
651 656
652 653
652 654
652 655
652 656
652 657
653 656
653 657
653 658
653 877
654 657
654 659
654 860
655 656
655 657
655 659
655 660
655 871
656 657
656 925
657 659
657 660
657 661
657 662
657 969
658 659
658 660
658 661
658 663
658 889
659 663
659 778
659 786
659 946
660 661
660 662
660 663
660 664
660 665
661 662
661 663
661 666
661 989
661 987
662 663
662 831
662 843
662 808
663 664
663 665
663 667
663 668
664 666
664 667
664 668
664 983
665 669
665 670
666 667
666 669
666 670
667 669
667 671
667 672
667 691
668 671
668 673
668 700
668 688
669 672
669 673
669 674
670 671
670 673
670 674
670 803
671 672
671 673
671 675
671 676
671 996
672 673
672 674
672 675
672 676
672 677
672 849
673 674
673 675
673 676
673 677
673 678
674 675
674 676
674 677
674 678
674 679
674 997
675 677
675 678
675 679
676 678
676 679
676 680
676 681
676 874
677 680
677 682
678 679
678 680
678 682
678 955
678 994
679 681
679 683
679 684
679 909
680 682
680 683
680 684
680 704
680 940
681 682
681 683
681 684
681 686
682 685
682 686
682 687
683 684
683 685
683 686
683 687
683 688
683 753
684 686
684 687
684 923
685 686
685 687
685 690
685 868
685 896
686 688
686 691
686 800
687 688
687 690
687 691
688 689
688 691
688 693
688 857
688 703
689 690
689 692
689 693
689 694
690 691
690 692
690 693
690 694
691 693
691 694
691 696
691 779
691 781
692 693
692 697
692 787
692 982
693 694
693 696
693 697
693 914
693 858
693 935
694 695
694 696
694 697
694 698
695 696
695 697
695 698
695 699
695 700
696 697
696 699
696 700
696 701
697 698
697 700
697 701
697 702
698 699
698 701
698 702
698 703
698 784
698 765
699 700
699 702
699 703
699 704
699 885
700 701
700 703
700 704
700 705
700 956
701 702
701 704
701 705
701 706
701 918
702 705
702 706
702 707
702 836
702 815
703 704
703 705
703 706
703 808
704 705
704 706
704 707
704 708
705 706
705 707
705 708
705 709
705 869
706 707
706 708
706 709
706 710
706 711
707 712
707 973
707 970
708 709
708 710
708 712
708 713
708 901
708 843
709 711
709 712
709 713
709 714
709 854
710 712
710 713
710 714
710 715
710 939
711 715
711 716
711 850
712 714
712 717
712 743
713 715
713 716
714 715
714 717
714 790
714 995
715 717
715 718
715 719
716 717
716 718
716 719
716 720
716 721
716 945
717 719
717 721
717 722
717 966
718 719
718 720
718 721
718 722
718 723
719 720
719 721
719 722
719 724
720 721
720 722
720 724
720 725
721 722
721 725
721 897
722 723
722 726
722 727
722 811
723 724
723 725
723 726
723 968
723 922
724 725
724 726
724 727
724 728
724 823
724 808
725 726
725 727
725 728
725 729
725 730
725 765
726 728
726 729
726 730
726 731
727 728
727 729
727 730
727 731
727 732
727 879
728 729
728 730
728 732
728 733
728 794
728 822
729 730
729 731
729 734
730 731
730 733
730 734
730 735
730 839
731 732
731 733
731 734
731 735
731 736
732 733
732 734
732 735
732 736
733 734
733 736
733 737
733 738
733 966
734 738
734 739
734 892
735 736
735 737
735 739
735 740
736 737
736 738
736 739
736 740
737 739
737 740
737 741
737 742
737 995
738 739
738 741
738 742
738 743
739 741
739 743
739 941
739 932
740 745
740 929
741 742
741 743
741 744
741 745
741 843
742 743
742 744
742 745
742 746
742 747
743 744
743 745
743 746
743 748
743 852
743 994
744 745
744 746
744 748
744 749
744 772
744 968
745 746
745 747
745 748
745 749
745 750
745 839
746 747
746 749
746 750
746 751
746 992
747 749
747 750
747 751
747 752
748 749
748 750
748 752
748 753
748 767
749 750
749 751
749 752
750 751
750 752
750 755
750 769
751 752
751 753
751 754
751 756
752 754
752 756
752 757
753 757
753 952
753 954
754 755
754 756
754 757
754 759
755 757
755 758
755 759
755 760
755 910
755 978
756 757
756 758
756 759
756 761
756 787
757 758
757 759
757 761
757 769
757 907
758 759
758 760
758 761
758 762
758 763
758 968
759 760
759 761
759 762
759 763
759 764
759 957
760 761
760 762
760 763
760 764
760 765
760 930
761 763
761 766
761 937
762 763
762 764
762 765
762 766
762 767
762 836
763 764
763 765
763 766
763 767
763 768
764 767
764 768
764 769
764 970
765 766
765 769
766 767
766 768
766 769
766 770
767 770
767 771
767 772
767 795
768 769
768 770
768 771
768 772
768 773
769 772
769 774
769 901
770 771
770 772
770 773
770 775
771 772
771 773
771 774
771 775
771 776
772 773
772 775
772 776
772 777
773 774
773 775
773 776
773 777
773 778
774 775
774 776
774 778
774 779
775 776
775 777
775 778
775 780
775 943
776 777
776 778
776 779
776 780
776 799
777 780
777 781
777 782
777 836
777 847
778 779
778 780
778 783
778 870
778 889
779 781
779 782
779 783
779 784
779 876
780 782
780 783
780 784
780 785
780 799
781 782
781 783
781 784
781 785
781 786
782 783
782 784
782 786
782 787
783 784
783 788
783 801
783 939
784 788
784 789
784 852
785 786
785 787
785 788
785 790
786 787
786 788
786 790
786 791
787 788
787 790
787 791
788 790
788 791
788 792
789 791
789 792
789 793
789 919
790 791
790 792
790 793
790 795
791 792
791 793
791 794
791 795
792 793
792 795
792 796
792 797
792 902
793 794
793 795
793 796
793 797
793 798
794 795
794 799
794 978
794 896
795 796
795 797
795 798
795 800
796 797
796 798
796 799
796 800
796 801
797 798
797 799
797 800
797 801
798 799
798 800
798 801
798 803
798 955
799 800
799 803
800 801
800 804
800 856
800 944
801 802
801 806
801 874
802 804
802 805
802 806
802 826
803 805
803 807
803 934
804 806
804 807
804 809
805 806
805 807
805 808
805 810
805 841
806 807
806 808
806 809
806 810
807 808
807 809
807 811
807 812
808 809
808 811
808 812
808 857
809 810
809 811
809 813
809 814
810 811
810 812
810 814
810 815
810 951
811 812
811 813
811 816
811 872
812 814
812 816
812 817
812 891
812 932
813 814
813 815
813 816
813 818
814 815
814 816
814 817
814 818
814 819
814 981
815 817
815 818
815 820
815 832
816 817
816 818
816 819
816 820
816 821
817 818
817 820
817 831
818 820
818 821
819 820
819 821
819 822
819 823
819 824
820 821
820 823
820 824
820 825
821 822
821 823
821 825
821 826
821 949
822 823
822 824
822 825
822 826
822 869
823 824
823 825
823 827
823 828
823 860
824 826
824 827
824 828
824 829
825 826
825 829
825 830
826 828
826 829
826 830
826 831
827 828
827 830
827 831
827 832
828 829
828 830
828 831
828 832
828 833
828 906
829 831
829 832
829 833
830 831
830 832
830 833
830 834
830 835
831 833
831 834
831 835
831 836
831 907
832 833
832 834
832 835
832 836
832 837
833 836
833 837
833 838
834 835
834 836
834 837
834 838
834 839
835 836
835 838
835 839
835 840
835 999
836 839
836 926
837 838
837 839
837 840
837 841
837 842
838 839
838 840
838 841
838 843
839 840
839 841
839 844
840 842
840 843
840 960
840 984
841 842
841 844
841 846
842 843
842 844
842 845
842 846
842 847
843 846
843 847
844 846
844 848
844 849
845 846
845 847
845 850
845 880
845 972
846 847
846 848
846 849
846 850
846 851
847 849
847 850
847 851
848 849
848 852
848 853
849 851
849 852
849 853
849 854
850 851
850 852
850 853
850 854
850 855
851 852
851 853
851 855
851 856
852 854
852 855
852 856
852 881
853 855
853 856
853 858
854 855
854 856
854 858
854 859
854 949
855 856
855 857
855 858
855 859
855 860
856 858
856 860
856 861
856 962
857 859
857 860
857 976
858 859
858 860
858 861
858 862
859 860
859 862
859 863
859 864
860 861
860 862
860 864
860 865
861 862
861 863
861 866
861 922
862 863
862 864
862 867
862 908
863 865
863 867
863 868
863 994
864 865
864 866
864 867
864 869
865 866
865 867
865 868
865 870
866 868
866 871
866 926
867 869
867 870
867 871
867 872
868 870
868 872
868 873
868 922
869 871
869 872
869 873
870 871
870 873
870 874
870 875
871 873
871 874
871 876
872 873
872 874
872 875
872 877
873 875
873 876
873 877
873 893
874 876
874 877
874 878
874 879
875 876
875 877
875 878
875 879
875 880
876 881
876 907
877 878
877 879
877 880
877 881
878 879
878 880
878 881
878 882
878 883
878 956
879 880
879 882
879 883
879 884
880 882
880 883
880 884
880 885
881 882
881 883
881 884
881 885
881 993
882 883
882 884
882 885
882 886
883 885
883 886
883 887
883 888
883 897
884 885
884 886
884 888
884 889
885 886
885 890
885 961
886 887
886 888
886 889
886 891
886 964
887 888
887 889
887 890
887 892
888 889
888 891
888 892
888 893
889 890
889 892
889 893
889 894
890 891
890 893
890 894
890 895
890 939
891 892
891 894
891 895
891 896
892 893
892 894
892 895
892 897
892 962
893 894
893 895
893 896
893 897
893 898
894 896
894 898
894 899
895 898
895 899
895 900
896 898
896 933
897 898
897 901
897 990
898 900
898 902
898 903
898 917
899 900
899 901
899 903
899 904
899 923
900 901
900 902
900 904
900 905
901 903
901 904
901 905
901 906
902 903
902 904
902 905
903 904
903 905
903 907
903 908
903 917
904 905
904 906
904 907
904 908
904 909
905 906
905 907
905 909
905 910
906 907
906 908
906 910
907 909
907 912
908 910
908 912
909 910
909 912
909 913
909 914
910 911
910 913
910 915
911 912
911 913
911 914
911 915
911 916
912 915
912 916
913 914
913 916
913 917
914 915
914 916
914 917
915 917
915 918
915 920
915 923
916 917
916 919
916 920
916 921
917 919
917 920
917 922
917 984
918 919
918 920
918 922
919 920
919 921
919 922
919 987
920 921
920 923
920 924
921 922
921 923
921 924
921 925
921 926
922 924
922 926
922 927
923 925
923 926
924 926
924 927
924 963
925 927
925 928
925 929
925 930
926 929
926 931
927 928
927 929
927 930
927 931
928 929
928 930
928 931
928 932
929 931
929 933
929 934
930 931
930 932
930 933
931 932
931 933
931 934
931 935
931 936
932 934
932 936
932 937
932 953
932 988
933 934
933 935
933 936
933 937
933 938
934 935
934 937
934 938
934 939
935 936
935 937
935 938
935 939
936 937
936 938
936 939
936 940
936 941
937 938
937 939
937 940
937 941
937 942
938 939
938 941
938 943
939 940
939 941
939 942
939 943
939 944
940 941
940 942
940 944
940 945
940 961
941 944
941 946
942 943
942 944
942 945
942 946
943 947
943 948
944 945
944 948
944 961
945 946
945 950
946 947
946 948
946 950
946 951
947 948
947 950
947 952
948 949
948 950
948 951
948 952
948 953
949 950
949 953
950 952
950 953
950 954
950 955
951 952
951 953
951 954
951 955
951 956
952 953
952 954
952 955
952 957
953 954
953 955
953 958
954 955
954 956
954 957
954 958
954 959
955 956
955 957
955 959
956 957
956 958
956 959
956 960
957 958
957 960
957 962
958 959
958 960
958 961
958 962
958 963
959 960
959 961
959 962
959 963
959 964
960 961
960 962
960 963
960 965
961 963
961 965
961 966
962 964
962 965
962 966
963 965
963 966
963 967
963 968
964 965
964 966
964 969
965 966
965 967
965 968
965 970
966 967
966 968
966 969
967 968
967 969
967 970
967 971
968 969
968 972
968 973
969 970
969 972
969 973
969 974
970 971
970 972
970 973
970 974
970 975
971 972
971 975
972 974
972 975
972 976
972 977
973 974
973 975
973 976
973 977
973 978
974 975
974 978
974 979
975 976
975 977
975 978
975 980
976 978
976 979
976 980
976 981
977 978
977 979
977 980
977 982
978 979
978 981
978 982
979 982
979 984
980 982
980 983
980 985
981 982
981 985
982 983
982 984
982 985
983 984
983 985
983 988
984 985
984 987
984 988
984 989
985 986
985 988
986 989
986 990
987 988
987 989
987 990
987 991
988 989
988 991
989 991
989 992
989 993
989 994
990 992
990 993
990 994
990 995
991 993
991 995
992 993
992 994
992 995
992 996
993 996
993 997
993 998
994 996
994 998
995 996
995 999
995 1000
996 997
996 998
996 999
997 998
997 999
998 999
998 1000
999 1000
